ElementsType, Elements, ExactFunction, Order, PhysicalNames, MeshEntities, EntitiesPhysicalTags, MeshNodes, MeshElements, Coefficients, CoefficientList, L2NormU, L2NormGradU, H1NormU
Quad, 1, unity, 1, 5, 9, 5, 4, 5, 4, (1; 1; 1; 1), 1.60128e-16, 3.79284e-16, 4.117e-16
Quad, 4, unity, 1, 5, 9, 5, 9, 12, 9, (1; 1; 1; 1; 1; 1; 1; 1; 1), 2.613e-16, 4.48154e-16, 5.18768e-16
Tri, 2, unity, 1, 5, 9, 5, 4, 6, 4, (1; 1; 1; 1), 2.08976e-16, 2.22045e-16, 3.04918e-16
Tri, 8, unity, 1, 5, 9, 5, 9, 16, 9, (1; 1; 1; 1; 1; 1; 1; 1; 1), 1.18331e-16, 6.23111e-16, 6.34247e-16
Quad, 1, x, 1, 5, 9, 5, 4, 5, 4, (7.50046e-13; 1; 1; 7.4987e-13), 4.32983e-13, 1.49994e-12, 1.56119e-12
Quad, 4, x, 1, 5, 9, 5, 9, 12, 9, (4.28581e-13; 0.5; 1; 1; 1; 0.5; 4.28609e-13; 1.28569e-12; 0.5), 5.15111e-13, 2.04063e-12, 2.10464e-12
Tri, 2, x, 1, 5, 9, 5, 4, 6, 4, (7.49954e-13; 1; 1; 7.50031e-13), 4.33016e-13, 1.50013e-12, 1.56138e-12
Tri, 8, x, 1, 5, 9, 5, 9, 16, 9, (4.28581e-13; 0.5; 1; 1; 1; 0.5; 4.28597e-13; 1.28571e-12; 0.5), 5.24918e-13, 2.26802e-12, 2.32798e-12
Quad, 1, y, 1, 5, 9, 5, 4, 5, 4, (7.50067e-13; 7.49854e-13; 1; 1), 4.33018e-13, 1.50002e-12, 1.56127e-12
Quad, 4, y, 1, 5, 9, 5, 9, 12, 9, (4.28607e-13; 1.28569e-12; 4.28607e-13; 0.5; 1; 1; 1; 0.5; 0.5), 5.15111e-13, 2.04065e-12, 2.10466e-12
Tri, 2, y, 1, 5, 9, 5, 4, 6, 4, (7.49908e-13; 7.5e-13; 1; 1), 4.32996e-13, 1.49991e-12, 1.56116e-12
Tri, 8, y, 1, 5, 9, 5, 9, 16, 9, (4.28571e-13; 1.28571e-12; 4.28571e-13; 0.5; 1; 1; 1; 0.5; 0.5), 5.24984e-13, 2.26839e-12, 2.32834e-12
Quad, 1, xy, 1, 5, 9, 5, 4, 5, 4, (2.50055e-13; 4.99902e-13; 1; 4.99878e-13), 3.48575e-13, 1.33839e-12, 1.38304e-12
Quad, 4, xy, 1, 5, 9, 5, 9, 12, 9, (-7.14201e-14; 6.42837e-13; 5.00065e-13; 0.5; 1; 0.5; 5.00063e-13; 6.42843e-13; 0.25), 4.00587e-13, 1.65807e-12, 1.70577e-12
Tri, 2, xy, 1, 5, 9, 5, 4, 6, 4, (-7.49964e-13; 1.4999e-12; 1; 1.49995e-12), 0.105409, 0.57735, 0.586894
Tri, 8, xy, 1, 5, 9, 5, 9, 16, 9, (-3.21427e-13; 6.42855e-13; 7.50007e-13; 0.5; 1; 0.5; 7.50031e-13; 6.42853e-13; 0.25), 0.0263523, 0.288675, 0.289875
Quad, 1, x2, 1, 5, 9, 5, 4, 5, 4, (-0.0833333; 0.916667; 0.916667; -0.0833333), 0.111803, 0.57735, 0.588076
Quad, 4, x2, 1, 5, 9, 5, 9, 12, 9, (-0.0208333; 0.197917; 0.979167; 1.01042; 0.979167; 0.197917; -0.0208333; 0.0104167; 0.229167), 0.0307248, 0.301904, 0.303463
Tri, 2, x2, 1, 5, 9, 5, 4, 6, 4, (-0.0833333; 0.916667; 0.916667; -0.0833333), 0.111803, 0.57735, 0.588076
Tri, 8, x2, 1, 5, 9, 5, 9, 16, 9, (-0.0208333; 0.197917; 0.979167; 1.01042; 0.979167; 0.197917; -0.0208333; 0.0104167; 0.229167), 0.0307248, 0.301904, 0.303463
Quad, 1, y2, 1, 5, 9, 5, 4, 5, 4, (-0.0833333; -0.0833333; 0.916667; 0.916667), 0.111803, 0.57735, 0.588076
Quad, 4, y2, 1, 5, 9, 5, 9, 12, 9, (-0.0208333; 0.0104167; -0.0208333; 0.197917; 0.979167; 1.01042; 0.979167; 0.197917; 0.229167), 0.0307248, 0.301904, 0.303463
Tri, 2, y2, 1, 5, 9, 5, 4, 6, 4, (-0.0833333; -0.0833333; 0.916667; 0.916667), 0.111803, 0.57735, 0.588076
Tri, 8, y2, 1, 5, 9, 5, 9, 16, 9, (-0.0208333; 0.0104167; -0.0208333; 0.197917; 0.979167; 1.01042; 0.979167; 0.197917; 0.229167), 0.0307248, 0.301904, 0.303463
Quad, 1, x2y2, 1, 5, 9, 5, 4, 5, 4, (0.0416667; -0.0833333; 0.791667; -0.0833333), 0.0746132, 0.384599, 0.39177
Quad, 4, x2y2, 1, 5, 9, 5, 9, 12, 9, (-0.00297619; 0.00595238; -0.0208333; 0.202381; 0.96131; 0.202381; -0.0208333; 0.00595238; 0.0572917), 0.0179901, 0.188553, 0.189409
Tri, 2, x2y2, 1, 5, 9, 5, 4, 6, 4, (0.0416667; -0.0833333; 0.791667; -0.0833333), 0.169472, 0.824951, 0.842179
Tri, 8, x2y2, 1, 5, 9, 5, 9, 16, 9, (-0.00297619; 0.00595238; -0.0208333; 0.202381; 0.96131; 0.202381; -0.0208333; 0.00595238; 0.03125), 0.0455098, 0.506654, 0.508693
Quad, 1, unity, 1, 5, 9, 5, 4, 5, 4, (1; 1; 1; 1), 1.60128e-16, 3.79284e-16, 4.117e-16
Quad, 4, unity, 1, 5, 9, 5, 9, 12, 9, (1; 1; 1; 1; 1; 1; 1; 1; 1), 2.613e-16, 4.48154e-16, 5.18768e-16
Tri, 2, unity, 1, 5, 9, 5, 4, 6, 4, (1; 1; 1; 1), 2.08976e-16, 2.22045e-16, 3.04918e-16
Tri, 8, unity, 1, 5, 9, 5, 9, 16, 9, (1; 1; 1; 1; 1; 1; 1; 1; 1), 1.18331e-16, 6.23111e-16, 6.34247e-16
Quad, 1, x, 1, 5, 9, 5, 4, 5, 4, (7.50046e-13; 1; 1; 7.4987e-13), 4.32983e-13, 1.49994e-12, 1.56119e-12
Quad, 4, x, 1, 5, 9, 5, 9, 12, 9, (4.28581e-13; 0.5; 1; 1; 1; 0.5; 4.28609e-13; 1.28569e-12; 0.5), 5.15111e-13, 2.04063e-12, 2.10464e-12
Tri, 2, x, 1, 5, 9, 5, 4, 6, 4, (7.49954e-13; 1; 1; 7.50031e-13), 4.33016e-13, 1.50013e-12, 1.56138e-12
Tri, 8, x, 1, 5, 9, 5, 9, 16, 9, (4.28581e-13; 0.5; 1; 1; 1; 0.5; 4.28597e-13; 1.28571e-12; 0.5), 5.24918e-13, 2.26802e-12, 2.32798e-12
Quad, 1, y, 1, 5, 9, 5, 4, 5, 4, (7.50067e-13; 7.49854e-13; 1; 1), 4.33018e-13, 1.50002e-12, 1.56127e-12
Quad, 4, y, 1, 5, 9, 5, 9, 12, 9, (4.28607e-13; 1.28569e-12; 4.28607e-13; 0.5; 1; 1; 1; 0.5; 0.5), 5.15111e-13, 2.04065e-12, 2.10466e-12
Tri, 2, y, 1, 5, 9, 5, 4, 6, 4, (7.49908e-13; 7.5e-13; 1; 1), 4.32996e-13, 1.49991e-12, 1.56116e-12
Tri, 8, y, 1, 5, 9, 5, 9, 16, 9, (4.28571e-13; 1.28571e-12; 4.28571e-13; 0.5; 1; 1; 1; 0.5; 0.5), 5.24984e-13, 2.26839e-12, 2.32834e-12
Quad, 1, xy, 1, 5, 9, 5, 4, 5, 4, (2.50055e-13; 4.99902e-13; 1; 4.99878e-13), 3.48575e-13, 1.33839e-12, 1.38304e-12
Quad, 4, xy, 1, 5, 9, 5, 9, 12, 9, (-7.14201e-14; 6.42837e-13; 5.00065e-13; 0.5; 1; 0.5; 5.00063e-13; 6.42843e-13; 0.25), 4.00587e-13, 1.65807e-12, 1.70577e-12
Tri, 2, xy, 1, 5, 9, 5, 4, 6, 4, (-7.49964e-13; 1.4999e-12; 1; 1.49995e-12), 0.105409, 0.57735, 0.586894
Tri, 8, xy, 1, 5, 9, 5, 9, 16, 9, (-3.21427e-13; 6.42855e-13; 7.50007e-13; 0.5; 1; 0.5; 7.50031e-13; 6.42853e-13; 0.25), 0.0263523, 0.288675, 0.289875
Quad, 1, x2, 1, 5, 9, 5, 4, 5, 4, (-0.0833333; 0.916667; 0.916667; -0.0833333), 0.111803, 0.57735, 0.588076
Quad, 4, x2, 1, 5, 9, 5, 9, 12, 9, (-0.0208333; 0.197917; 0.979167; 1.01042; 0.979167; 0.197917; -0.0208333; 0.0104167; 0.229167), 0.0307248, 0.301904, 0.303463
Tri, 2, x2, 1, 5, 9, 5, 4, 6, 4, (-0.0833333; 0.916667; 0.916667; -0.0833333), 0.111803, 0.57735, 0.588076
Tri, 8, x2, 1, 5, 9, 5, 9, 16, 9, (-0.0208333; 0.197917; 0.979167; 1.01042; 0.979167; 0.197917; -0.0208333; 0.0104167; 0.229167), 0.0307248, 0.301904, 0.303463
Quad, 1, y2, 1, 5, 9, 5, 4, 5, 4, (-0.0833333; -0.0833333; 0.916667; 0.916667), 0.111803, 0.57735, 0.588076
Quad, 4, y2, 1, 5, 9, 5, 9, 12, 9, (-0.0208333; 0.0104167; -0.0208333; 0.197917; 0.979167; 1.01042; 0.979167; 0.197917; 0.229167), 0.0307248, 0.301904, 0.303463
Tri, 2, y2, 1, 5, 9, 5, 4, 6, 4, (-0.0833333; -0.0833333; 0.916667; 0.916667), 0.111803, 0.57735, 0.588076
Tri, 8, y2, 1, 5, 9, 5, 9, 16, 9, (-0.0208333; 0.0104167; -0.0208333; 0.197917; 0.979167; 1.01042; 0.979167; 0.197917; 0.229167), 0.0307248, 0.301904, 0.303463
Quad, 1, x2y2, 1, 5, 9, 5, 4, 5, 4, (0.0416667; -0.0833333; 0.791667; -0.0833333), 0.0746132, 0.384599, 0.39177
Quad, 4, x2y2, 1, 5, 9, 5, 9, 12, 9, (-0.00297619; 0.00595238; -0.0208333; 0.202381; 0.96131; 0.202381; -0.0208333; 0.00595238; 0.0572917), 0.0179901, 0.188553, 0.189409
Tri, 2, x2y2, 1, 5, 9, 5, 4, 6, 4, (0.0416667; -0.0833333; 0.791667; -0.0833333), 0.169472, 0.824951, 0.842179
Tri, 8, x2y2, 1, 5, 9, 5, 9, 16, 9, (-0.00297619; 0.00595238; -0.0208333; 0.202381; 0.96131; 0.202381; -0.0208333; 0.00595238; 0.03125), 0.0455098, 0.506654, 0.508693
Quad, 1, unity, 2, 5, 9, 5, 4, 5, 9, (1; 1; 1.71661e-15; 1; 1.31119e-15; 1; 1.95026e-15; 2.26498e-15; -2.23454e-15), 3.60967e-16, 2.57317e-15, 2.59837e-15
Quad, 4, unity, 2, 5, 9, 5, 9, 12, 25, (1; 1; -1.54755e-16; 1; -1.54755e-16; 1; -1.57356e-16; 1; -1.81776e-16; 1; -1.55767e-16; 1; -1.81776e-16; 1; -1.55767e-16; -1.57356e-16; 1; -5.48541e-17; -5.86546e-17; 1.5753e-16; -1.81335e-16; 1.58024e-16; -1.53515e-16; 1.56125e-16; 1.56125e-16), 1.44716e-16, 7.18738e-16, 7.33162e-16
Tri, 2, unity, 2, 5, 9, 5, 4, 6, 11, (1; 1; 5.72205e-16; 1; 4.6069e-16; 1; 1.43051e-16; 3.52859e-16; 3.33067e-16; -1.10762e-16; -2.05597e-16), 1.63265e-16, 7.42466e-16, 7.60205e-16
Tri, 8, unity, 2, 5, 9, 5, 9, 16, 33, (1; 1; 6.19021e-16; 1; 4.17016e-16; 1; 7.34329e-16; 1; 9.15527e-16; 1; 8.78707e-16; 1; 6.48499e-16; 1; 4.19617e-16; 6.29425e-16; 5.21638e-16; -1.9189e-16; 1; 4.21219e-16; 4.82711e-16; -1.96617e-16; 5.83803e-16; -2.96213e-16; 5.74902e-16; -3.01691e-16; 6.88172e-16; -2.30669e-16; 5.26225e-16; -2.26157e-16; 7.21259e-16; -2.23888e-16; -2.74129e-16), 1.72836e-16, 1.99644e-15, 2.0039e-15
Quad, 1, x, 2, 5, 9, 5, 4, 5, 9, (3.33069e-13; 1; 3.14713e-16; 1; -8.33644e-13; 3.33112e-13; -1.69873e-16; 8.33626e-13; -4.15041e-17), 5.32868e-13, 2.1547e-12, 2.21961e-12
Quad, 4, x, 2, 5, 9, 5, 9, 12, 25, (4.70597e-13; 0.5; -2.94166e-13; 1; 2.93993e-13; 1; -4.41411e-13; 1; -4.41617e-13; 0.5; 2.93549e-13; 4.70679e-13; -2.94365e-13; 8.23572e-13; 4.411e-13; 4.41122e-13; 0.5; 3.89717e-14; -2.16819e-16; -5.79558e-14; -3.91699e-14; 5.85824e-14; -1.61484e-16; -5.802e-14; 5.84298e-14), 4.74361e-13, 2.49447e-12, 2.53917e-12
Tri, 2, x, 2, 5, 9, 5, 4, 6, 11, (3.33298e-13; 1; -2.57492e-16; 1; -8.3345e-13; 3.33257e-13; 1.46925e-16; 8.33373e-13; 1.65193e-16; -1.85556e-13; 1.85264e-13), 4.58447e-13, 2.25263e-12, 2.29881e-12
Tri, 8, x, 2, 5, 9, 5, 9, 16, 33, (4.70461e-13; 0.5; -2.93762e-13; 1; 2.94725e-13; 1; -4.40807e-13; 1; -4.40941e-13; 0.5; 2.9417e-13; 4.70589e-13; -2.94204e-13; 8.23527e-13; 4.4117e-13; 4.41259e-13; -4.00511e-14; -3.28473e-14; 0.5; 1.34901e-14; 3.18694e-14; -1.00804e-14; -1.20086e-13; -7.26179e-14; -1.32628e-14; 1.00957e-13; 1.20695e-13; -1.01221e-13; -3.14563e-14; 7.22835e-14; 4.07878e-14; 9.78218e-15; 3.24569e-14), 4.55661e-13, 2.53007e-12, 2.57077e-12
Quad, 1, y, 2, 5, 9, 5, 4, 5, 9, (3.32903e-13; 3.33192e-13; 8.33645e-13; 1; -1.06313e-16; 1; -8.32958e-13; 8.2016e-16; -4.4886e-16), 5.32859e-13, 2.15446e-12, 2.21937e-12
Quad, 4, y, 2, 5, 9, 5, 9, 12, 25, (4.70643e-13; 8.23526e-13; 4.41149e-13; 4.70585e-13; 4.41185e-13; 0.5; -2.94149e-13; 1; 2.93962e-13; 1; -4.41357e-13; 1; -4.41433e-13; 0.5; 2.93496e-13; -2.94411e-13; 0.5; -1.09683e-16; -3.91165e-14; 5.84347e-14; -4.64423e-17; 5.82978e-14; 3.90805e-14; -5.80398e-14; -5.81569e-14), 4.744e-13, 2.49448e-12, 2.53919e-12
Tri, 2, y, 2, 5, 9, 5, 4, 6, 11, (3.33467e-13; 3.33376e-13; 8.33187e-13; 1; -6.37878e-16; 1; -8.34446e-13; -6.67572e-16; -8.32667e-16; 1.85909e-13; -1.84674e-13), 4.58456e-13, 2.25292e-12, 2.2991e-12
Tri, 8, y, 2, 5, 9, 5, 9, 16, 33, (4.7049e-13; 8.23498e-13; 4.41255e-13; 4.7048e-13; 4.41261e-13; 0.5; -2.93889e-13; 1; 2.94571e-13; 1; -4.40903e-13; 1; -4.41118e-13; 0.5; 2.94204e-13; -2.93994e-13; 4.01302e-14; 3.28544e-14; 0.5; -3.19086e-14; -1.32424e-14; 1.01938e-14; -1.20162e-13; 1.01085e-13; 3.18394e-14; -7.2389e-14; 1.20441e-13; 7.2594e-14; 1.36635e-14; -1.00933e-13; -3.99657e-14; -9.94149e-15; -3.2594e-14), 4.55687e-13, 2.52991e-12, 2.57062e-12
Quad, 1, xy, 2, 5, 9, 5, 4, 5, 9, (-1.66726e-13; 4.99895e-13; 4.16765e-13; 1; -4.16803e-13; 4.99756e-13; -4.16708e-13; 4.16861e-13; -6.11067e-17), 4.11971e-13, 1.72845e-12, 1.77687e-12
Quad, 4, xy, 2, 5, 9, 5, 9, 12, 25, (-2.94102e-14; 4.11754e-13; 7.35349e-14; 4.99974e-13; 3.67675e-13; 0.5; -3.67582e-13; 1; -7.3815e-14; 0.5; -7.40751e-14; 5.00052e-13; -3.67817e-13; 4.11785e-13; 3.676e-13; 7.35159e-14; 0.25; 1.9524e-14; -1.96329e-14; 1.10523e-16; -1.94915e-14; 5.84211e-14; 1.95604e-14; -5.81685e-14; -5.28625e-17), 3.7459e-13, 1.9437e-12, 1.97947e-12
Tri, 2, xy, 2, 5, 9, 5, 4, 6, 11, (-1.66683e-13; 4.9993e-13; 4.16679e-13; 1; -4.1661e-13; 4.99792e-13; -4.1651e-13; 4.16825e-13; -0.25; -4.13699e-17; 8.58883e-17), 3.37959e-13, 1.86598e-12, 1.89634e-12
Tri, 8, xy, 2, 5, 9, 5, 9, 16, 33, (-2.94108e-14; 4.11758e-13; 7.35332e-14; 4.99964e-13; 3.67674e-13; 0.5; -3.67479e-13; 1; -7.29561e-14; 0.5; -7.3103e-14; 4.99933e-13; -3.67437e-13; 4.11777e-13; 3.67677e-13; 7.3521e-14; -0.0625; -1.40217e-16; 0.25; -9.15082e-15; 9.51198e-15; -5.10447e-17; -0.0625; 1.41366e-14; 9.25448e-15; 1.42882e-14; -0.0625; -1.42973e-14; -9.04994e-15; -1.42976e-14; -0.0625; 4.52081e-17; 4.11194e-17), 3.53979e-13, 1.99555e-12, 2.0267e-12
Quad, 1, x2, 2, 5, 9, 5, 4, 5, 9, (-1.67107e-13; 1; -0.25; 1; -1.45691e-12; -1.67316e-13; -0.25; 2.09003e-13; -1.8735e-15), 7.76871e-13, 2.96771e-12, 3.0677e-12
Quad, 4, x2, 2, 5, 9, 5, 9, 12, 25, (-2.93884e-14; 0.25; -0.0625; 1; -0.0625; 1; -8.57792e-13; 1; -8.57828e-13; 0.25; -0.0625; -2.94113e-14; -0.0625; -9.80665e-15; 2.4514e-14; 2.45017e-14; 0.25; -0.0625; -3.19385e-14; -5.83093e-14; -0.0625; 5.79395e-14; -3.19432e-14; -5.8303e-14; 5.79127e-14), 7.37783e-13, 3.43296e-12, 3.51134e-12
Tri, 2, x2, 2, 5, 9, 5, 4, 6, 11, (-1.66718e-13; 1; -0.25; 1; -1.45843e-12; -1.66795e-13; -0.25; 2.08444e-13; -0.25; -1.85574e-13; 1.85164e-13), 7.278e-13, 3.04022e-12, 3.12612e-12
Tri, 8, x2, 2, 5, 9, 5, 9, 16, 33, (-2.95715e-14; 0.25; -0.0625; 1; -0.0625; 1; -8.57277e-13; 1; -8.57162e-13; 0.25; -0.0625; -2.95486e-14; -0.0625; -9.84181e-15; 2.4613e-14; 2.46271e-14; -0.0625; -3.28769e-14; 0.25; -0.0625; -2.4092e-14; -1.01787e-14; -0.0625; -1.53025e-13; -0.0625; 1.80887e-13; -0.0625; -2.10891e-14; -8.7673e-14; -7.86278e-15; -0.0625; 9.63472e-15; 3.23472e-14), 7.16631e-13, 3.4836e-12, 3.55655e-12
Quad, 1, y2, 2, 5, 9, 5, 4, 5, 9, (-1.67392e-13; -1.67178e-13; 2.09084e-13; 1; -0.25; 1; -1.45619e-12; -0.25; -2.36139e-15), 7.76905e-13, 2.96751e-12, 3.06752e-12
Quad, 4, y2, 2, 5, 9, 5, 9, 12, 25, (-2.94238e-14; -9.80901e-15; 2.45268e-14; -2.94155e-14; 2.45216e-14; 0.25; -0.0625; 1; -0.0625; 1; -8.57715e-13; 1; -8.57745e-13; 0.25; -0.0625; -0.0625; 0.25; -3.20902e-14; -0.0625; 5.80737e-14; -3.20556e-14; 5.79819e-14; -0.0625; -5.82277e-14; -5.82447e-14), 7.37795e-13, 3.43301e-12, 3.5114e-12
Tri, 2, y2, 2, 5, 9, 5, 4, 6, 11, (-1.66708e-13; -1.66708e-13; 2.08397e-13; 1; -0.25; 1; -1.45772e-12; -0.25; -0.25; 1.85302e-13; -1.85327e-13), 7.27819e-13, 3.03959e-12, 3.12551e-12
Tri, 8, y2, 2, 5, 9, 5, 9, 16, 33, (-2.95975e-14; -9.84921e-15; 2.46568e-14; -2.95008e-14; 2.45892e-14; 0.25; -0.0625; 1; -0.0625; 1; -8.57476e-13; 1; -8.57199e-13; 0.25; -0.0625; -0.0625; -0.0625; 3.25848e-14; 0.25; -8.78896e-14; -0.0625; 1.00483e-14; -0.0625; 1.81157e-13; -2.44732e-14; -1.52415e-13; -0.0625; -7.74482e-15; -0.0625; -2.10146e-14; -0.0625; -9.99746e-15; -3.27858e-14), 7.1658e-13, 3.48336e-12, 3.55631e-12
Quad, 1, x2y2, 2, 5, 9, 5, 4, 5, 9, (-1.08649e-16; -2.38037e-16; 2.28882e-16; 1; -0.25; -3.23956e-16; -0.25; 2.69413e-16; 0.0625), 4.4723e-13, 1.39044e-12, 1.4606e-12
Quad, 4, x2y2, 2, 5, 9, 5, 9, 12, 25, (-6.33958e-19; -8.64633e-18; 5.80018e-18; -2.18478e-17; 2.08074e-17; 0.25; -0.0625; 1; -0.0625; 0.25; -0.0625; 0; -0.0625; 4.84259e-18; -3.94166e-18; -2.63039e-18; 0.0625; -0.015625; -0.015625; 0.00390625; -0.015625; 0.00390625; -0.015625; 0.00390625; 0.00390625), 4.57711e-13, 1.37898e-12, 1.45296e-12
Tri, 2, x2y2, 2, 5, 9, 5, 4, 6, 11, (6.19027e-13; -4.76234e-14; -5.95236e-13; 1; -0.25; -4.77764e-14; -0.25; -5.95117e-13; -0.45; 0.021164; 0.021164), 0.0293859, 0.299693, 0.301131
Tri, 8, x2y2, 2, 5, 9, 5, 9, 16, 33, (1.53446e-13; 1.72765e-13; -2.43363e-13; -1.27357e-14; -1.6545e-13; 0.25; -0.0625; 1; -0.0625; 0.25; -0.0625; -1.27487e-14; -0.0625; 1.72761e-13; -1.65438e-13; -2.4336e-13; -0.0915086; 0.00363757; 0.0660342; -0.0191592; -0.0191592; 0.000578704; -0.218276; 0.00210813; -0.0191592; 0.00210813; -0.0307757; 0.00210813; -0.0191592; 0.00210813; -0.0915086; 0.000578704; 0.00363757), 0.00388847, 0.0784723, 0.0785686
Quad, 1, x2y2, 1, 5, 9, 5, 4, 5, 4, (0.0416667; -0.0833333; 0.791667; -0.0833333), 0.0746132, 0.384599, 0.39177
Quad, 4, x2y2, 1, 5, 9, 5, 9, 12, 9, (-0.00297619; 0.00595238; -0.0208333; 0.202381; 0.96131; 0.202381; -0.0208333; 0.00595238; 0.0572917), 0.0179901, 0.188553, 0.189409
Quad, 16, x2y2, 1, 5, 9, 5, 25, 32, 25, (-5.36942e-05; 0.000107388; -0.000375859; 0.00139605; -0.00520833; 0.0506873; 0.239959; 0.551976; 0.989637; 0.551976; 0.239959; 0.0506873; -0.00520833; 0.00139605; -0.000375859; 0.000107388; 0.0319568; 0.135356; 0.309382; 0.0155; 0.0605283; 0.135356; 0.00453125; 0.0155; 0.0319568), 0.00460155, 0.0924393, 0.0925537
Quad, 64, x2y2, 1, 5, 9, 5, 81, 96, 81, (-6.91972e-08; 1.38394e-07; -4.8438e-07; 1.79913e-06; -6.71213e-06; 2.50494e-05; -9.34854e-05; 0.000348892; -0.00130208; 0.0126719; 0.0599893; 0.137996; 0.247403; 0.388019; 0.559896; 0.763021; 0.997396; 0.763021; 0.559896; 0.388019; 0.247403; 0.137996; 0.0599893; 0.0126719; -0.00130208; 0.000348892; -9.34854e-05; 2.50494e-05; -6.71213e-06; 1.79913e-06; -4.8438e-07; 1.38394e-07; 0.0108563; 0.0462559; 0.105928; 0.189539; 0.297087; 0.428533; 0.58386; 0.00837727; 0.0343328; 0.0780205; 0.13934; 0.218221; 0.31463; 0.428533; 0.0059402; 0.02404; 0.0543262; 0.0968083; 0.151452; 0.218221; 0.297087; 0.00390581; 0.0155151; 0.0348709; 0.061975; 0.0968083; 0.13934; 0.189539; 0.00228183; 0.00883989; 0.0197009; 0.0348709; 0.0543262; 0.0780205; 0.105928; 0.00109985; 0.00403615; 0.00883989; 0.0155151; 0.02404; 0.0343328; 0.0462559; 0.00035214; 0.00109985; 0.00228183; 0.00390581; 0.0059402; 0.00837727; 0.0108563), 0.00115223, 0.0458439, 0.0458584
Quad, 256, x2y2, 1, 5, 9, 5, 289, 320, 289, (-4.59648e-13; 9.19597e-13; -3.21737e-12; 1.19518e-11; -4.45878e-11; 1.66402e-10; -6.21017e-10; 2.31767e-09; -8.64965e-09; 3.22809e-08; -1.20474e-07; 4.49615e-07; -1.67799e-06; 6.26233e-06; -2.33713e-05; 8.7223e-05; -0.000325521; 0.00316799; 0.0149973; 0.0344989; 0.0618506; 0.0970048; 0.139974; 0.190755; 0.249349; 0.315755; 0.389974; 0.472005; 0.561849; 0.659505; 0.764974; 0.878255; 0.999349; 0.878255; 0.764974; 0.659505; 0.561849; 0.472005; 0.389974; 0.315755; 0.249349; 0.190755; 0.139974; 0.0970048; 0.0618506; 0.0344989; 0.0149973; 0.00316799; -0.000325521; 8.7223e-05; -2.33713e-05; 6.26233e-06; -1.67799e-06; 4.49615e-07; -1.20474e-07; 3.22809e-08; -8.64965e-09; 2.31767e-09; -6.21017e-10; 1.66402e-10; -4.45878e-11; 1.19518e-11; -3.21737e-12; 9.19597e-13; 0.00312438; 0.0132877; 0.0304149; 0.0544207; 0.085305; 0.123059; 0.167683; 0.219173; 0.27753; 0.342754; 0.414843; 0.493797; 0.579616; 0.6723; 0.771847; 0.00284006; 0.0116851; 0.0265687; 0.047464; 0.0743536; 0.107232; 0.146095; 0.19094; 0.241768; 0.298576; 0.361364; 0.430131; 0.504877; 0.5856; 0.6723; 0.00248266; 0.010137; 0.0229665; 0.0409729; 0.064149; 0.0924893; 0.125991; 0.16465; 0.208468; 0.257441; 0.311569; 0.370852; 0.435288; 0.504877; 0.579616; 0.00213944; 0.008673; 0.0196093; 0.0349491; 0.054691; 0.0788323; 0.107371; 0.140304; 0.177631; 0.21935; 0.265461; 0.315962; 0.370852; 0.430131; 0.493797; 0.00181147; 0.00731206; 0.016506; 0.0293957; 0.0459812; 0.0662616; 0.0902354; 0.117901; 0.149258; 0.184304; 0.223038; 0.265461; 0.311569; 0.361364; 0.414843; 0.00150765; 0.00606095; 0.0136633; 0.0243167; 0.0380219; 0.0547786; 0.0745861; 0.0974435; 0.12335; 0.152303; 0.184304; 0.21935; 0.257441; 0.298576; 0.342754; 0.00122968; 0.00492402; 0.0110854; 0.0197156; 0.0308154; 0.044385; 0.060424; 0.0789317; 0.0999072; 0.12335; 0.149258; 0.177631; 0.208468; 0.241768; 0.27753; 0.000979205; 0.00390353; 0.00877487; 0.0155946; 0.0243637; 0.0350822; 0.0477502; 0.0623669; 0.0789317; 0.0974435; 0.117901; 0.140304; 0.16465; 0.19094; 0.219173; 0.000756963; 0.00300087; 0.0067333; 0.0119554; 0.0186681; 0.0268716; 0.0365658; 0.0477502; 0.060424; 0.0745861; 0.0902354; 0.107371; 0.125991; 0.146095; 0.167683; 0.000563413; 0.00221684; 0.00496169; 0.00879906; 0.0137297; 0.0197539; 0.0268716; 0.0350822; 0.044385; 0.0547786; 0.0662616; 0.0788323; 0.0924893; 0.107232; 0.123059; 0.000398765; 0.00155182; 0.00346055; 0.00612602; 0.00954896; 0.0137297; 0.0186681; 0.0243637; 0.0308154; 0.0380219; 0.0459812; 0.054691; 0.064149; 0.0743536; 0.085305; 0.00026305; 0.00100588; 0.00222996; 0.00393643; 0.00612602; 0.00879906; 0.0119554; 0.0155946; 0.0197156; 0.0243167; 0.0293957; 0.0349491; 0.0409729; 0.047464; 0.0544207; 0.000156108; 0.000578735; 0.0012696; 0.00222996; 0.00346055; 0.00496169; 0.0067333; 0.00877487; 0.0110854; 0.0136633; 0.016506; 0.0196093; 0.0229665; 0.0265687; 0.0304149; 7.75258e-05; 0.000269724; 0.000578735; 0.00100588; 0.00155182; 0.00221684; 0.00300087; 0.00390353; 0.00492402; 0.00606095; 0.00731206; 0.008673; 0.010137; 0.0116851; 0.0132877; 2.63941e-05; 7.75258e-05; 0.000156108; 0.00026305; 0.000398765; 0.000563413; 0.000756963; 0.000979205; 0.00122968; 0.00150765; 0.00181147; 0.00213944; 0.00248266; 0.00284006; 0.00312438), 0.000287899, 0.0228544, 0.0228562
Tri, 2, x2y2, 1, 5, 9, 5, 4, 6, 4, (0.0416667; -0.0833333; 0.791667; -0.0833333), 0.169472, 0.824951, 0.842179
Tri, 8, x2y2, 1, 5, 9, 5, 9, 16, 9, (-0.00297619; 0.00595238; -0.0208333; 0.202381; 0.96131; 0.202381; -0.0208333; 0.00595238; 0.03125), 0.0455098, 0.506654, 0.508693
Tri, 32, x2y2, 1, 5, 9, 5, 25, 48, 25, (-5.36942e-05; 0.000107388; -0.000375859; 0.00139605; -0.00520833; 0.0506873; 0.239959; 0.551976; 0.989637; 0.551976; 0.239959; 0.0506873; -0.00520833; 0.00139605; -0.000375859; 0.000107388; 0.0281576; 0.130998; 0.30568; 0.0102781; 0.054362; 0.130998; 0.000635461; 0.0102781; 0.0281576), 0.0112881, 0.256354, 0.256602
Tri, 128, x2y2, 1, 5, 9, 5, 81, 160, 81, (-6.91972e-08; 1.38394e-07; -4.8438e-07; 1.79913e-06; -6.71213e-06; 2.50494e-05; -9.34854e-05; 0.000348892; -0.00130208; 0.0126719; 0.0599893; 0.137996; 0.247403; 0.388019; 0.559896; 0.763021; 0.997396; 0.763021; 0.559896; 0.388019; 0.247403; 0.137996; 0.0599893; 0.0126719; -0.00130208; 0.000348892; -9.34854e-05; 2.50494e-05; -6.71213e-06; 1.79913e-06; -4.8438e-07; 1.38394e-07; 0.0104756; 0.0457663; 0.105253; 0.188829; 0.296401; 0.427953; 0.583483; 0.00769208; 0.0333889; 0.0769044; 0.138161; 0.2171; 0.313696; 0.427953; 0.00522645; 0.0228869; 0.0529501; 0.095364; 0.150088; 0.2171; 0.296401; 0.00315988; 0.0143049; 0.0334094; 0.0604398; 0.095364; 0.138161; 0.188829; 0.00157844; 0.00769178; 0.0183126; 0.0334094; 0.0529501; 0.0769044; 0.105253; 0.00050589; 0.00308158; 0.00769178; 0.0143049; 0.0228869; 0.0333889; 0.0457663; -3.18165e-05; 0.00050589; 0.00157844; 0.00315988; 0.00522645; 0.00769208; 0.0104756), 0.0028023, 0.128565, 0.128596
Tri, 512, x2y2, 1, 5, 9, 5, 289, 576, 289, (-4.59467e-13; 9.18739e-13; -3.21855e-12; 1.19503e-11; -4.45896e-11; 1.664e-10; -6.21019e-10; 2.31766e-09; -8.64965e-09; 3.22809e-08; -1.20474e-07; 4.49615e-07; -1.67799e-06; 6.26233e-06; -2.33713e-05; 8.7223e-05; -0.000325521; 0.00316799; 0.0149973; 0.0344989; 0.0618506; 0.0970048; 0.139974; 0.190755; 0.249349; 0.315755; 0.389974; 0.472005; 0.561849; 0.659505; 0.764974; 0.878255; 0.999349; 0.878255; 0.764974; 0.659505; 0.561849; 0.472005; 0.389974; 0.315755; 0.249349; 0.190755; 0.139974; 0.0970048; 0.0618506; 0.0344989; 0.0149973; 0.00316799; -0.000325521; 8.7223e-05; -2.33713e-05; 6.26233e-06; -1.67799e-06; 4.49615e-07; -1.20474e-07; 3.22809e-08; -8.64965e-09; 2.31766e-09; -6.21019e-10; 1.664e-10; -4.45896e-11; 1.19503e-11; -3.21855e-12; 9.18739e-13; 0.00309161; 0.0132574; 0.0303491; 0.054343; 0.0852166; 0.122965; 0.167584; 0.219074; 0.277432; 0.342658; 0.414753; 0.493715; 0.579546; 0.672246; 0.771815; 0.00276098; 0.0115903; 0.0264485; 0.0473205; 0.0741933; 0.10706; 0.145916; 0.190759; 0.241589; 0.298403; 0.361201; 0.429985; 0.504753; 0.585506; 0.672246; 0.00240753; 0.0100078; 0.0228004; 0.0407772; 0.0639307; 0.0922553; 0.125747; 0.164404; 0.208224; 0.257206; 0.31135; 0.370655; 0.435123; 0.504753; 0.579546; 0.00205323; 0.00852285; 0.0194103; 0.0347132; 0.0544276; 0.0785498; 0.107077; 0.140006; 0.177337; 0.219067; 0.265197; 0.315727; 0.370655; 0.429985; 0.493715; 0.00171944; 0.00714679; 0.0162841; 0.0291307; 0.0456844; 0.0659428; 0.0899036; 0.117565; 0.148926; 0.183985; 0.222742; 0.265197; 0.31135; 0.361201; 0.414753; 0.00141059; 0.00588562; 0.0134262; 0.0240321; 0.0377022; 0.0544347; 0.0742281; 0.0970808; 0.122992; 0.15196; 0.183985; 0.219067; 0.257206; 0.298403; 0.342658; 0.00112986; 0.00474289; 0.0108396; 0.0194197; 0.0304823; 0.0440263; 0.0600504; 0.0785533; 0.0995341; 0.122992; 0.148926; 0.177337; 0.208224; 0.241589; 0.277432; 0.000878553; 0.00372066; 0.00852629; 0.015295; 0.0240261; 0.0347186; 0.0473713; 0.0619832; 0.0785533; 0.0970808; 0.117565; 0.140006; 0.164404; 0.190759; 0.219074; 0.000657513; 0.00282027; 0.00648785; 0.0116596; 0.0183349; 0.0265125; 0.0361917; 0.0473713; 0.0600504; 0.0742281; 0.0899036; 0.107077; 0.125747; 0.145916; 0.167584; 0.000467279; 0.00204265; 0.00472538; 0.00851464; 0.0134096; 0.0194092; 0.0265125; 0.0347186; 0.0440263; 0.0544347; 0.0659428; 0.0785498; 0.0922553; 0.10706; 0.122965; 0.000308273; 0.00138857; 0.00323983; 0.00586107; 0.0092513; 0.0134096; 0.0183349; 0.0240261; 0.0304823; 0.0377022; 0.0456844; 0.0544276; 0.0639307; 0.0741933; 0.0852166; 0.000180875; 0.000858691; 0.00203209; 0.0036999; 0.00586107; 0.00851464; 0.0116596; 0.015295; 0.0194197; 0.0240321; 0.0291307; 0.0347132; 0.0407772; 0.0473205; 0.054343; 8.55077e-05; 0.000453756; 0.00110305; 0.00203209; 0.00323983; 0.00472538; 0.00648785; 0.00852629; 0.0108396; 0.0134262; 0.0162841; 0.0194103; 0.0228004; 0.0264485; 0.0303491; 2.27483e-05; 0.000174674; 0.000453756; 0.000858691; 0.00138857; 0.00204265; 0.00282027; 0.00372066; 0.00474289; 0.00588562; 0.00714679; 0.00852285; 0.0100078; 0.0115903; 0.0132574; -6.42777e-06; 2.27483e-05; 8.55077e-05; 0.000180875; 0.000308273; 0.000467279; 0.000657513; 0.000878553; 0.00112986; 0.00141059; 0.00171944; 0.00205323; 0.00240753; 0.00276098; 0.00309161), 0.000698959, 0.0643183, 0.0643221
Quad, 1, x2y2, 2, 5, 9, 5, 4, 5, 9, (-1.08649e-16; -2.38037e-16; 2.28882e-16; 1; -0.25; -3.23956e-16; -0.25; 2.69413e-16; 0.0625), 4.4723e-13, 1.39044e-12, 1.4606e-12
Quad, 4, x2y2, 2, 5, 9, 5, 9, 12, 25, (-6.33958e-19; -8.64633e-18; 5.80018e-18; -2.18478e-17; 2.08074e-17; 0.25; -0.0625; 1; -0.0625; 0.25; -0.0625; 0; -0.0625; 4.84259e-18; -3.94166e-18; -2.63039e-18; 0.0625; -0.015625; -0.015625; 0.00390625; -0.015625; 0.00390625; -0.015625; 0.00390625; 0.00390625), 4.57711e-13, 1.37898e-12, 1.45296e-12
Quad, 16, x2y2, 2, 5, 9, 5, 25, 32, 81, (-4.63062e-20; -1.34888e-19; 1.13246e-19; -7.63023e-19; 5.61194e-19; -4.44341e-18; 3.254e-18; -2.48389e-17; 1.82065e-17; 0.0625; -0.015625; 0.25; -0.015625; 0.5625; -0.015625; 1; -0.015625; 0.5625; -0.015625; 0.25; -0.015625; 0.0625; -0.015625; -3.29018e-17; -0.015625; -4.72538e-18; 2.42973e-17; -8.11389e-19; 3.46048e-18; -1.42949e-19; 5.96461e-19; 1.18285e-19; 0.0351562; -0.00878906; -0.000976563; 0.000244141; 0.140625; -0.00878906; -0.00390625; 0.000244141; 0.316406; -0.00878906; -0.00878906; 0.000244141; -0.00878906; 0.000244141; 0.015625; -0.00390625; -0.000976563; 0.000244141; 0.0625; -0.00390625; -0.00390625; 0.000244141; 0.140625; -0.00390625; -0.00878906; 0.000244141; -0.00390625; 0.000244141; 0.00390625; -0.000976562; -0.000976563; 0.000244141; 0.015625; -0.000976563; -0.00390625; 0.000244141; 0.0351562; -0.000976563; -0.00878906; 0.000244141; -0.000976563; 0.000244141; -0.000976562; 0.000244141; -0.00390625; 0.000244141; -0.00878906; 0.000244141; 0.000244141), 4.59424e-13, 1.37723e-12, 1.45184e-12
Quad, 64, x2y2, 2, 5, 9, 5, 81, 96, 289, (-1.04572e-25; -5.44794e-24; 3.38302e-24; -3.20238e-23; 2.31582e-23; -1.85576e-22; 1.35567e-22; -1.07977e-21; 7.90244e-22; -6.29085e-21; 4.60591e-21; -3.66628e-20; 2.68452e-20; -2.13683e-19; 1.56465e-19; -1.20293e-18; 9.75349e-19; 0.015625; -0.00390625; 0.0625; -0.00390625; 0.140625; -0.00390625; 0.25; -0.00390625; 0.390625; -0.00390625; 0.5625; -0.00390625; 0.765625; -0.00390625; 1; -0.00390625; 0.765625; -0.00390625; 0.5625; -0.00390625; 0.390625; -0.00390625; 0.25; -0.00390625; 0.140625; -0.00390625; 0.0625; -0.00390625; 0.015625; -0.00390625; 0; -0.00390625; 1.89788e-19; 6.31901e-20; 3.2562e-20; -1.3897e-19; 5.58624e-21; -2.38435e-20; 9.58019e-22; -4.09089e-21; 1.64044e-22; -7.01885e-22; 2.79111e-23; -1.20405e-22; 4.5412e-24; -2.05443e-23; -2.86019e-24; 0.0119629; -0.00299072; -6.10352e-05; 1.52588e-05; 0.0478516; -0.00299072; -0.000244141; 1.52588e-05; 0.107666; -0.00299072; -0.000549316; 1.52588e-05; 0.191406; -0.00299072; -0.000976563; 1.52588e-05; 0.299072; -0.00299072; -0.00152588; 1.52588e-05; 0.430664; -0.00299072; -0.00219727; 1.52588e-05; 0.586182; -0.00299072; -0.00299072; 1.52588e-05; -0.00299072; 1.52588e-05; 0.00878906; -0.00219727; -6.10352e-05; 1.52588e-05; 0.0351562; -0.00219727; -0.000244141; 1.52588e-05; 0.0791016; -0.00219727; -0.000549316; 1.52588e-05; 0.140625; -0.00219727; -0.000976563; 1.52588e-05; 0.219727; -0.00219727; -0.00152588; 1.52588e-05; 0.316406; -0.00219727; -0.00219727; 1.52588e-05; 0.430664; -0.00219727; -0.00299072; 1.52588e-05; -0.00219727; 1.52588e-05; 0.00610352; -0.00152588; -6.10352e-05; 1.52588e-05; 0.0244141; -0.00152588; -0.000244141; 1.52588e-05; 0.0549316; -0.00152588; -0.000549316; 1.52588e-05; 0.0976562; -0.00152588; -0.000976563; 1.52588e-05; 0.152588; -0.00152588; -0.00152588; 1.52588e-05; 0.219727; -0.00152588; -0.00219727; 1.52588e-05; 0.299072; -0.00152588; -0.00299072; 1.52588e-05; -0.00152588; 1.52588e-05; 0.00390625; -0.000976562; -6.10352e-05; 1.52588e-05; 0.015625; -0.000976562; -0.000244141; 1.52588e-05; 0.0351562; -0.000976562; -0.000549316; 1.52588e-05; 0.0625; -0.000976562; -0.000976563; 1.52588e-05; 0.0976562; -0.000976563; -0.00152588; 1.52588e-05; 0.140625; -0.000976563; -0.00219727; 1.52588e-05; 0.191406; -0.000976563; -0.00299072; 1.52588e-05; -0.000976563; 1.52588e-05; 0.00219727; -0.000549316; -6.10352e-05; 1.52588e-05; 0.00878906; -0.000549316; -0.000244141; 1.52588e-05; 0.0197754; -0.000549316; -0.000549316; 1.52588e-05; 0.0351562; -0.000549316; -0.000976562; 1.52588e-05; 0.0549316; -0.000549316; -0.00152588; 1.52588e-05; 0.0791016; -0.000549316; -0.00219727; 1.52588e-05; 0.107666; -0.000549316; -0.00299072; 1.52588e-05; -0.000549316; 1.52588e-05; 0.000976562; -0.000244141; -6.10352e-05; 1.52588e-05; 0.00390625; -0.000244141; -0.000244141; 1.52588e-05; 0.00878906; -0.000244141; -0.000549316; 1.52588e-05; 0.015625; -0.000244141; -0.000976562; 1.52588e-05; 0.0244141; -0.000244141; -0.00152588; 1.52588e-05; 0.0351562; -0.000244141; -0.00219727; 1.52588e-05; 0.0478516; -0.000244141; -0.00299072; 1.52588e-05; -0.000244141; 1.52588e-05; 0.000244141; -6.10352e-05; -6.10352e-05; 1.52588e-05; 0.000976562; -6.10352e-05; -0.000244141; 1.52588e-05; 0.00219727; -6.10352e-05; -0.000549316; 1.52588e-05; 0.00390625; -6.10352e-05; -0.000976562; 1.52588e-05; 0.00610352; -6.10352e-05; -0.00152588; 1.52588e-05; 0.00878906; -6.10352e-05; -0.00219727; 1.52588e-05; 0.0119629; -6.10352e-05; -0.00299072; 1.52588e-05; -6.10352e-05; 1.52588e-05; -6.10352e-05; 1.52588e-05; -0.000244141; 1.52588e-05; -0.000549316; 1.52588e-05; -0.000976562; 1.52588e-05; -0.00152588; 1.52588e-05; -0.00219727; 1.52588e-05; -0.00299072; 1.52588e-05; 1.52588e-05), 4.59647e-13, 1.37699e-12, 1.45168e-12
Quad, 256, x2y2, 2, 5, 9, 5, 289, 320, 1089, (-2.19891e-30; -6.98823e-26; 4.83001e-30; -1.39765e-25; 1.99933e-29; -2.09655e-25; 1.20575e-28; -2.79973e-25; 8.05406e-28; -3.54168e-25; 4.99559e-27; -4.54697e-25; 2.97643e-26; -7.16358e-25; 1.74789e-25; -1.93061e-24; 1.02099e-24; -8.71892e-24; 5.95425e-24; -4.80017e-23; 3.46937e-23; -2.76859e-22; 2.02249e-22; -1.6052e-21; 1.17437e-21; -9.34481e-21; 6.83945e-21; -5.46658e-20; 4.06169e-20; -3.12213e-19; 2.2505e-19; -1.98321e-18; 1.46302e-18; 0.00390625; -0.000976562; 0.015625; -0.000976562; 0.0351562; -0.000976562; 0.0625; -0.000976562; 0.0976562; -0.000976562; 0.140625; -0.000976562; 0.191406; -0.000976562; 0.25; -0.000976562; 0.316406; -0.000976562; 0.390625; -0.000976562; 0.472656; -0.000976562; 0.5625; -0.000976562; 0.660156; -0.000976562; 0.765625; -0.000976562; 0.878906; -0.000976562; 1; -0.000976562; 0.878906; -0.000976562; 0.765625; -0.000976562; 0.660156; -0.000976562; 0.5625; -0.000976562; 0.472656; -0.000976562; 0.390625; -0.000976562; 0.316406; -0.000976562; 0.25; -0.000976562; 0.191406; -0.000976562; 0.140625; -0.000976562; 0.0976562; -0.000976562; 0.0625; -0.000976562; 0.0351562; -0.000976562; 0.015625; -0.000976562; 0.00390625; -0.000976562; -2.41399e-18; -0.000976562; -3.06169e-19; 1.55721e-18; -5.82192e-20; 2.27511e-19; -1.18328e-20; 4.40968e-20; -2.03339e-21; 8.77515e-21; -3.47336e-22; 1.49009e-21; -6.0332e-23; 2.54047e-22; -1.08301e-23; 4.37151e-23; -2.29271e-24; 7.49995e-24; -7.78557e-25; 1.28608e-24; -4.65395e-25; 2.20284e-25; -3.56015e-25; 3.75604e-26; -2.80297e-25; 6.3273e-27; -2.09716e-25; 1.03579e-27; -1.39775e-25; 1.60987e-28; -6.98836e-26; 2.56252e-29; 5.54383e-30; 0.00343323; -0.000858307; -3.8147e-06; 9.53674e-07; 0.0137329; -0.000858307; -1.52588e-05; 9.53674e-07; 0.030899; -0.000858307; -3.43323e-05; 9.53674e-07; 0.0549316; -0.000858307; -6.10352e-05; 9.53674e-07; 0.0858307; -0.000858307; -9.53674e-05; 9.53674e-07; 0.123596; -0.000858307; -0.000137329; 9.53674e-07; 0.168228; -0.000858307; -0.00018692; 9.53674e-07; 0.219727; -0.000858307; -0.000244141; 9.53674e-07; 0.278091; -0.000858307; -0.00030899; 9.53674e-07; 0.343323; -0.000858307; -0.00038147; 9.53674e-07; 0.415421; -0.000858307; -0.000461578; 9.53674e-07; 0.494385; -0.000858307; -0.000549316; 9.53674e-07; 0.580215; -0.000858307; -0.000644684; 9.53674e-07; 0.672913; -0.000858307; -0.000747681; 9.53674e-07; 0.772476; -0.000858307; -0.000858307; 9.53674e-07; -0.000858307; 9.53674e-07; 0.00299072; -0.000747681; -3.8147e-06; 9.53674e-07; 0.0119629; -0.000747681; -1.52588e-05; 9.53674e-07; 0.0269165; -0.000747681; -3.43323e-05; 9.53674e-07; 0.0478516; -0.000747681; -6.10352e-05; 9.53674e-07; 0.0747681; -0.000747681; -9.53674e-05; 9.53674e-07; 0.107666; -0.000747681; -0.000137329; 9.53674e-07; 0.146545; -0.000747681; -0.00018692; 9.53674e-07; 0.191406; -0.000747681; -0.000244141; 9.53674e-07; 0.242249; -0.000747681; -0.00030899; 9.53674e-07; 0.299072; -0.000747681; -0.00038147; 9.53674e-07; 0.361877; -0.000747681; -0.000461578; 9.53674e-07; 0.430664; -0.000747681; -0.000549316; 9.53674e-07; 0.505432; -0.000747681; -0.000644684; 9.53674e-07; 0.586182; -0.000747681; -0.000747681; 9.53674e-07; 0.672913; -0.000747681; -0.000858307; 9.53674e-07; -0.000747681; 9.53674e-07; 0.00257874; -0.000644684; -3.8147e-06; 9.53674e-07; 0.0103149; -0.000644684; -1.52588e-05; 9.53674e-07; 0.0232086; -0.000644684; -3.43323e-05; 9.53674e-07; 0.0412598; -0.000644684; -6.10352e-05; 9.53674e-07; 0.0644684; -0.000644684; -9.53674e-05; 9.53674e-07; 0.0928345; -0.000644684; -0.000137329; 9.53674e-07; 0.126358; -0.000644684; -0.00018692; 9.53674e-07; 0.165039; -0.000644684; -0.000244141; 9.53674e-07; 0.208878; -0.000644684; -0.00030899; 9.53674e-07; 0.257874; -0.000644684; -0.00038147; 9.53674e-07; 0.312027; -0.000644684; -0.000461578; 9.53674e-07; 0.371338; -0.000644684; -0.000549316; 9.53674e-07; 0.435806; -0.000644684; -0.000644684; 9.53674e-07; 0.505432; -0.000644684; -0.000747681; 9.53674e-07; 0.580215; -0.000644684; -0.000858307; 9.53674e-07; -0.000644684; 9.53674e-07; 0.00219727; -0.000549316; -3.8147e-06; 9.53674e-07; 0.00878906; -0.000549316; -1.52588e-05; 9.53674e-07; 0.0197754; -0.000549316; -3.43323e-05; 9.53674e-07; 0.0351562; -0.000549316; -6.10352e-05; 9.53674e-07; 0.0549316; -0.000549316; -9.53674e-05; 9.53674e-07; 0.0791016; -0.000549316; -0.000137329; 9.53674e-07; 0.107666; -0.000549316; -0.00018692; 9.53674e-07; 0.140625; -0.000549316; -0.000244141; 9.53674e-07; 0.177979; -0.000549316; -0.00030899; 9.53674e-07; 0.219727; -0.000549316; -0.00038147; 9.53674e-07; 0.265869; -0.000549316; -0.000461578; 9.53674e-07; 0.316406; -0.000549316; -0.000549316; 9.53674e-07; 0.371338; -0.000549316; -0.000644684; 9.53674e-07; 0.430664; -0.000549316; -0.000747681; 9.53674e-07; 0.494385; -0.000549316; -0.000858307; 9.53674e-07; -0.000549316; 9.53674e-07; 0.00184631; -0.000461578; -3.8147e-06; 9.53674e-07; 0.00738525; -0.000461578; -1.52588e-05; 9.53674e-07; 0.0166168; -0.000461578; -3.43323e-05; 9.53674e-07; 0.029541; -0.000461578; -6.10352e-05; 9.53674e-07; 0.0461578; -0.000461578; -9.53674e-05; 9.53674e-07; 0.0664673; -0.000461578; -0.000137329; 9.53674e-07; 0.0904694; -0.000461578; -0.00018692; 9.53674e-07; 0.118164; -0.000461578; -0.000244141; 9.53674e-07; 0.149551; -0.000461578; -0.00030899; 9.53674e-07; 0.184631; -0.000461578; -0.00038147; 9.53674e-07; 0.223404; -0.000461578; -0.000461578; 9.53674e-07; 0.265869; -0.000461578; -0.000549316; 9.53674e-07; 0.312027; -0.000461578; -0.000644684; 9.53674e-07; 0.361877; -0.000461578; -0.000747681; 9.53674e-07; 0.415421; -0.000461578; -0.000858307; 9.53674e-07; -0.000461578; 9.53674e-07; 0.00152588; -0.00038147; -3.8147e-06; 9.53674e-07; 0.00610352; -0.00038147; -1.52588e-05; 9.53674e-07; 0.0137329; -0.00038147; -3.43323e-05; 9.53674e-07; 0.0244141; -0.00038147; -6.10352e-05; 9.53674e-07; 0.038147; -0.00038147; -9.53674e-05; 9.53674e-07; 0.0549316; -0.00038147; -0.000137329; 9.53674e-07; 0.0747681; -0.00038147; -0.00018692; 9.53674e-07; 0.0976562; -0.00038147; -0.000244141; 9.53674e-07; 0.123596; -0.00038147; -0.00030899; 9.53674e-07; 0.152588; -0.00038147; -0.00038147; 9.53674e-07; 0.184631; -0.00038147; -0.000461578; 9.53674e-07; 0.219727; -0.00038147; -0.000549316; 9.53674e-07; 0.257874; -0.00038147; -0.000644684; 9.53674e-07; 0.299072; -0.00038147; -0.000747681; 9.53674e-07; 0.343323; -0.00038147; -0.000858307; 9.53674e-07; -0.00038147; 9.53674e-07; 0.00123596; -0.00030899; -3.8147e-06; 9.53674e-07; 0.00494385; -0.00030899; -1.52588e-05; 9.53674e-07; 0.0111237; -0.00030899; -3.43323e-05; 9.53674e-07; 0.0197754; -0.00030899; -6.10352e-05; 9.53674e-07; 0.030899; -0.00030899; -9.53674e-05; 9.53674e-07; 0.0444946; -0.00030899; -0.000137329; 9.53674e-07; 0.0605621; -0.00030899; -0.00018692; 9.53674e-07; 0.0791016; -0.00030899; -0.000244141; 9.53674e-07; 0.100113; -0.00030899; -0.00030899; 9.53674e-07; 0.123596; -0.00030899; -0.00038147; 9.53674e-07; 0.149551; -0.00030899; -0.000461578; 9.53674e-07; 0.177979; -0.00030899; -0.000549316; 9.53674e-07; 0.208878; -0.00030899; -0.000644684; 9.53674e-07; 0.242249; -0.00030899; -0.000747681; 9.53674e-07; 0.278091; -0.00030899; -0.000858307; 9.53674e-07; -0.00030899; 9.53674e-07; 0.000976562; -0.000244141; -3.8147e-06; 9.53674e-07; 0.00390625; -0.000244141; -1.52588e-05; 9.53674e-07; 0.00878906; -0.000244141; -3.43323e-05; 9.53674e-07; 0.015625; -0.000244141; -6.10352e-05; 9.53674e-07; 0.0244141; -0.000244141; -9.53674e-05; 9.53674e-07; 0.0351562; -0.000244141; -0.000137329; 9.53674e-07; 0.0478516; -0.000244141; -0.00018692; 9.53674e-07; 0.0625; -0.000244141; -0.000244141; 9.53674e-07; 0.0791016; -0.000244141; -0.00030899; 9.53674e-07; 0.0976562; -0.000244141; -0.00038147; 9.53674e-07; 0.118164; -0.000244141; -0.000461578; 9.53674e-07; 0.140625; -0.000244141; -0.000549316; 9.53674e-07; 0.165039; -0.000244141; -0.000644684; 9.53674e-07; 0.191406; -0.000244141; -0.000747681; 9.53674e-07; 0.219727; -0.000244141; -0.000858307; 9.53674e-07; -0.000244141; 9.53674e-07; 0.000747681; -0.00018692; -3.8147e-06; 9.53674e-07; 0.00299072; -0.00018692; -1.52588e-05; 9.53674e-07; 0.00672913; -0.00018692; -3.43323e-05; 9.53674e-07; 0.0119629; -0.00018692; -6.10352e-05; 9.53674e-07; 0.018692; -0.00018692; -9.53674e-05; 9.53674e-07; 0.0269165; -0.00018692; -0.000137329; 9.53674e-07; 0.0366364; -0.00018692; -0.00018692; 9.53674e-07; 0.0478516; -0.00018692; -0.000244141; 9.53674e-07; 0.0605621; -0.00018692; -0.00030899; 9.53674e-07; 0.0747681; -0.00018692; -0.00038147; 9.53674e-07; 0.0904694; -0.00018692; -0.000461578; 9.53674e-07; 0.107666; -0.00018692; -0.000549316; 9.53674e-07; 0.126358; -0.00018692; -0.000644684; 9.53674e-07; 0.146545; -0.00018692; -0.000747681; 9.53674e-07; 0.168228; -0.00018692; -0.000858307; 9.53674e-07; -0.00018692; 9.53674e-07; 0.000549316; -0.000137329; -3.8147e-06; 9.53674e-07; 0.00219727; -0.000137329; -1.52588e-05; 9.53674e-07; 0.00494385; -0.000137329; -3.43323e-05; 9.53674e-07; 0.00878906; -0.000137329; -6.10352e-05; 9.53674e-07; 0.0137329; -0.000137329; -9.53674e-05; 9.53674e-07; 0.0197754; -0.000137329; -0.000137329; 9.53674e-07; 0.0269165; -0.000137329; -0.00018692; 9.53674e-07; 0.0351562; -0.000137329; -0.000244141; 9.53674e-07; 0.0444946; -0.000137329; -0.00030899; 9.53674e-07; 0.0549316; -0.000137329; -0.00038147; 9.53674e-07; 0.0664673; -0.000137329; -0.000461578; 9.53674e-07; 0.0791016; -0.000137329; -0.000549316; 9.53674e-07; 0.0928345; -0.000137329; -0.000644684; 9.53674e-07; 0.107666; -0.000137329; -0.000747681; 9.53674e-07; 0.123596; -0.000137329; -0.000858307; 9.53674e-07; -0.000137329; 9.53674e-07; 0.00038147; -9.53674e-05; -3.8147e-06; 9.53674e-07; 0.00152588; -9.53674e-05; -1.52588e-05; 9.53674e-07; 0.00343323; -9.53674e-05; -3.43323e-05; 9.53674e-07; 0.00610352; -9.53674e-05; -6.10352e-05; 9.53674e-07; 0.00953674; -9.53674e-05; -9.53674e-05; 9.53674e-07; 0.0137329; -9.53674e-05; -0.000137329; 9.53674e-07; 0.018692; -9.53674e-05; -0.00018692; 9.53674e-07; 0.0244141; -9.53674e-05; -0.000244141; 9.53674e-07; 0.030899; -9.53674e-05; -0.00030899; 9.53674e-07; 0.038147; -9.53674e-05; -0.00038147; 9.53674e-07; 0.0461578; -9.53674e-05; -0.000461578; 9.53674e-07; 0.0549316; -9.53674e-05; -0.000549316; 9.53674e-07; 0.0644684; -9.53674e-05; -0.000644684; 9.53674e-07; 0.0747681; -9.53674e-05; -0.000747681; 9.53674e-07; 0.0858307; -9.53674e-05; -0.000858307; 9.53674e-07; -9.53674e-05; 9.53674e-07; 0.000244141; -6.10352e-05; -3.8147e-06; 9.53674e-07; 0.000976562; -6.10352e-05; -1.52588e-05; 9.53674e-07; 0.00219727; -6.10352e-05; -3.43323e-05; 9.53674e-07; 0.00390625; -6.10352e-05; -6.10352e-05; 9.53674e-07; 0.00610352; -6.10352e-05; -9.53674e-05; 9.53674e-07; 0.00878906; -6.10352e-05; -0.000137329; 9.53674e-07; 0.0119629; -6.10352e-05; -0.00018692; 9.53674e-07; 0.015625; -6.10352e-05; -0.000244141; 9.53674e-07; 0.0197754; -6.10352e-05; -0.00030899; 9.53674e-07; 0.0244141; -6.10352e-05; -0.00038147; 9.53674e-07; 0.029541; -6.10352e-05; -0.000461578; 9.53674e-07; 0.0351562; -6.10352e-05; -0.000549316; 9.53674e-07; 0.0412598; -6.10352e-05; -0.000644684; 9.53674e-07; 0.0478516; -6.10352e-05; -0.000747681; 9.53674e-07; 0.0549316; -6.10352e-05; -0.000858307; 9.53674e-07; -6.10352e-05; 9.53674e-07; 0.000137329; -3.43323e-05; -3.8147e-06; 9.53674e-07; 0.000549316; -3.43323e-05; -1.52588e-05; 9.53674e-07; 0.00123596; -3.43323e-05; -3.43323e-05; 9.53674e-07; 0.00219727; -3.43323e-05; -6.10352e-05; 9.53674e-07; 0.00343323; -3.43323e-05; -9.53674e-05; 9.53674e-07; 0.00494385; -3.43323e-05; -0.000137329; 9.53674e-07; 0.00672913; -3.43323e-05; -0.00018692; 9.53674e-07; 0.00878906; -3.43323e-05; -0.000244141; 9.53674e-07; 0.0111237; -3.43323e-05; -0.00030899; 9.53674e-07; 0.0137329; -3.43323e-05; -0.00038147; 9.53674e-07; 0.0166168; -3.43323e-05; -0.000461578; 9.53674e-07; 0.0197754; -3.43323e-05; -0.000549316; 9.53674e-07; 0.0232086; -3.43323e-05; -0.000644684; 9.53674e-07; 0.0269165; -3.43323e-05; -0.000747681; 9.53674e-07; 0.030899; -3.43323e-05; -0.000858307; 9.53674e-07; -3.43323e-05; 9.53674e-07; 6.10352e-05; -1.52588e-05; -3.8147e-06; 9.53674e-07; 0.000244141; -1.52588e-05; -1.52588e-05; 9.53674e-07; 0.000549316; -1.52588e-05; -3.43323e-05; 9.53674e-07; 0.000976562; -1.52588e-05; -6.10352e-05; 9.53674e-07; 0.00152588; -1.52588e-05; -9.53674e-05; 9.53674e-07; 0.00219727; -1.52588e-05; -0.000137329; 9.53674e-07; 0.00299072; -1.52588e-05; -0.00018692; 9.53674e-07; 0.00390625; -1.52588e-05; -0.000244141; 9.53674e-07; 0.00494385; -1.52588e-05; -0.00030899; 9.53674e-07; 0.00610352; -1.52588e-05; -0.00038147; 9.53674e-07; 0.00738525; -1.52588e-05; -0.000461578; 9.53674e-07; 0.00878906; -1.52588e-05; -0.000549316; 9.53674e-07; 0.0103149; -1.52588e-05; -0.000644684; 9.53674e-07; 0.0119629; -1.52588e-05; -0.000747681; 9.53674e-07; 0.0137329; -1.52588e-05; -0.000858307; 9.53674e-07; -1.52588e-05; 9.53674e-07; 1.52588e-05; -3.8147e-06; -3.8147e-06; 9.53674e-07; 6.10352e-05; -3.8147e-06; -1.52588e-05; 9.53674e-07; 0.000137329; -3.8147e-06; -3.43323e-05; 9.53674e-07; 0.000244141; -3.8147e-06; -6.10352e-05; 9.53674e-07; 0.00038147; -3.8147e-06; -9.53674e-05; 9.53674e-07; 0.000549316; -3.8147e-06; -0.000137329; 9.53674e-07; 0.000747681; -3.8147e-06; -0.00018692; 9.53674e-07; 0.000976562; -3.8147e-06; -0.000244141; 9.53674e-07; 0.00123596; -3.8147e-06; -0.00030899; 9.53674e-07; 0.00152588; -3.8147e-06; -0.00038147; 9.53674e-07; 0.00184631; -3.8147e-06; -0.000461578; 9.53674e-07; 0.00219727; -3.8147e-06; -0.000549316; 9.53674e-07; 0.00257874; -3.8147e-06; -0.000644684; 9.53674e-07; 0.00299072; -3.8147e-06; -0.000747681; 9.53674e-07; 0.00343323; -3.8147e-06; -0.000858307; 9.53674e-07; -3.8147e-06; 9.53674e-07; -3.8147e-06; 9.53674e-07; -1.52588e-05; 9.53674e-07; -3.43323e-05; 9.53674e-07; -6.10352e-05; 9.53674e-07; -9.53674e-05; 9.53674e-07; -0.000137329; 9.53674e-07; -0.00018692; 9.53674e-07; -0.000244141; 9.53674e-07; -0.00030899; 9.53674e-07; -0.00038147; 9.53674e-07; -0.000461578; 9.53674e-07; -0.000549316; 9.53674e-07; -0.000644684; 9.53674e-07; -0.000747681; 9.53674e-07; -0.000858307; 9.53674e-07; 9.53674e-07), 4.59664e-13, 1.37694e-12, 1.45164e-12
Tri, 2, x2y2, 2, 5, 9, 5, 4, 6, 11, (6.19027e-13; -4.76234e-14; -5.95236e-13; 1; -0.25; -4.77764e-14; -0.25; -5.95117e-13; -0.45; 0.021164; 0.021164), 0.0293859, 0.299693, 0.301131
Tri, 8, x2y2, 2, 5, 9, 5, 9, 16, 33, (1.53446e-13; 1.72765e-13; -2.43363e-13; -1.27357e-14; -1.6545e-13; 0.25; -0.0625; 1; -0.0625; 0.25; -0.0625; -1.27487e-14; -0.0625; 1.72761e-13; -1.65438e-13; -2.4336e-13; -0.0915086; 0.00363757; 0.0660342; -0.0191592; -0.0191592; 0.000578704; -0.218276; 0.00210813; -0.0191592; 0.00210813; -0.0307757; 0.00210813; -0.0191592; 0.00210813; -0.0915086; 0.000578704; 0.00363757), 0.00388847, 0.0784723, 0.0785686
Tri, 32, x2y2, 2, 5, 9, 5, 25, 48, 113, (2.27674e-14; 3.11808e-14; -3.8898e-14; 4.3382e-14; -5.60496e-14; 4.64626e-14; -6.93825e-14; -1.95109e-15; -4.38712e-14; 0.0625; -0.015625; 0.25; -0.015625; 0.5625; -0.015625; 1; -0.015625; 0.5625; -0.015625; 0.25; -0.015625; 0.0625; -0.015625; -1.96266e-15; -0.015625; 4.6462e-14; -4.38629e-14; 4.33819e-14; -6.93821e-14; 3.11807e-14; -5.60495e-14; -3.8898e-14; -0.0193972; 0.0005167; 0.0353961; -0.00903148; -0.00121898; -0.000243613; -0.0351778; 0.000425895; 0.140889; -0.00916562; -0.00417912; -6.2363e-05; -0.0527714; 0.000287985; 0.316659; -0.00917295; -0.0090507; 8.14462e-05; -0.0722644; 0.000140813; -0.0090507; 0.000140813; -0.0117403; 0.000425895; 0.0158891; -0.00417912; -0.00135312; -6.2363e-05; -0.0236374; 0.000394707; 0.0627895; -0.00432069; -0.00432069; 0.000122191; -0.0373168; 0.000260079; 0.140889; -0.00432069; -0.00917295; 0.000260079; -0.0527714; 8.14462e-05; -0.00417912; 0.000287985; -0.0058964; 0.000287985; 0.00415941; -0.0012382; -0.00136045; 8.14462e-05; -0.0138793; 0.000260079; 0.0158891; -0.00136045; -0.00432069; 0.000260079; -0.0236374; 0.000122191; 0.0353961; -0.00135312; -0.00916562; 0.000394707; -0.0351778; -6.2363e-05; -0.00121898; 0.000425895; -0.00195192; 0.000140813; -0.0012382; 0.000140813; -0.0058964; 8.14462e-05; -0.00417912; 0.000287985; -0.0117403; -6.2363e-05; -0.00903148; 0.000425895; -0.0193972; -0.000243613; 0.0005167), 0.000485874, 0.0199505, 0.0199564
Tri, 128, x2y2, 2, 5, 9, 5, 81, 160, 417, (2.86832e-15; 3.96155e-15; -4.91725e-15; 5.76989e-15; -7.26753e-15; 7.69547e-15; -1.00935e-14; 9.6295e-15; -1.29946e-14; 1.14978e-14; -1.5859e-14; 1.29746e-14; -1.84351e-14; 1.22736e-14; -1.93887e-14; -2.51477e-16; -1.1474e-14; 0.015625; -0.00390625; 0.0625; -0.00390625; 0.140625; -0.00390625; 0.25; -0.00390625; 0.390625; -0.00390625; 0.5625; -0.00390625; 0.765625; -0.00390625; 1; -0.00390625; 0.765625; -0.00390625; 0.5625; -0.00390625; 0.390625; -0.00390625; 0.25; -0.00390625; 0.140625; -0.00390625; 0.0625; -0.00390625; 0.015625; -0.00390625; -2.5034e-16; -0.00390625; 1.22741e-14; -1.14751e-14; 1.29747e-14; -1.93891e-14; 1.14978e-14; -1.84352e-14; 9.6295e-15; -1.5859e-14; 7.69547e-15; -1.29946e-14; 5.76989e-15; -1.00935e-14; 3.96155e-15; -7.26753e-15; -4.91725e-15; -0.00438618; 6.84627e-05; 0.0119778; -0.00300588; -7.61921e-05; -5.13923e-05; -0.00634904; 6.27887e-05; 0.0478679; -0.00301429; -0.000261262; -4.00439e-05; -0.00842537; 5.41829e-05; 0.107682; -0.00301522; -0.000566683; -3.07417e-05; -0.0106227; 4.51952e-05; 0.191423; -0.00301531; -0.000993959; -2.16716e-05; -0.0129421; 3.61596e-05; 0.299089; -0.00301532; -0.00154327; -1.26276e-05; -0.0153835; 2.71171e-05; 0.430681; -0.0030153; -0.0022146; -3.60226e-06; -0.0179468; 1.80622e-05; 0.586197; -0.00301485; -0.00300712; 5.12914e-06; -0.0206298; 8.80992e-06; -0.00300712; 8.80992e-06; -0.00341936; 6.27887e-05; 0.00880543; -0.00221439; -8.46055e-05; -4.00439e-05; -0.00513954; 6.08539e-05; 0.0351744; -0.00222343; -0.000270308; -2.84141e-05; -0.00697186; 5.25944e-05; 0.0791198; -0.00222443; -0.000575772; -1.90865e-05; -0.00892512; 4.36373e-05; 0.140643; -0.00222454; -0.00100305; -1.00131e-05; -0.0110003; 3.46043e-05; 0.219745; -0.00222454; -0.00155236; -9.71632e-07; -0.0131976; 2.55556e-05; 0.316424; -0.00222447; -0.00222357; 8.01595e-06; -0.0155162; 1.6374e-05; 0.430681; -0.00222357; -0.00301485; 1.6374e-05; -0.0179468; 5.12914e-06; -0.0022146; 1.80622e-05; -0.00256599; 5.41829e-05; 0.00611998; -0.00154325; -8.55303e-05; -3.07417e-05; -0.00404217; 5.25944e-05; 0.0244323; -0.00155233; -0.000271305; -1.90865e-05; -0.00563033; 4.43667e-05; 0.0549501; -0.00155333; -0.000576769; -9.75868e-06; -0.00733945; 3.54125e-05; 0.0976747; -0.00155344; -0.00100404; -6.85681e-07; -0.00917052; 2.63781e-05; 0.152606; -0.00155344; -0.00155334; 8.35277e-06; -0.0111235; 1.73153e-05; 0.219745; -0.00155334; -0.00222447; 1.73153e-05; -0.0131976; 8.01595e-06; 0.299089; -0.00155236; -0.0030153; 2.55556e-05; -0.0153835; -3.60226e-06; -0.00154327; 2.71171e-05; -0.00183369; 4.51952e-05; 0.00392271; -0.000993959; -8.56256e-05; -2.16716e-05; -0.00306575; 4.36373e-05; 0.0156433; -0.00100305; -0.000271413; -1.00131e-05; -0.00440976; 3.54125e-05; 0.0351747; -0.00100404; -0.000576878; -6.85681e-07; -0.00587474; 2.64589e-05; 0.0625185; -0.00100415; -0.00100415; 8.38674e-06; -0.00746166; 1.74233e-05; 0.0976747; -0.00100415; -0.00155344; 1.74233e-05; -0.00917052; 8.35277e-06; 0.140643; -0.00100404; -0.00222454; 2.63781e-05; -0.0110003; -9.71632e-07; 0.191423; -0.00100305; -0.00301532; 3.46043e-05; -0.0129421; -1.26276e-05; -0.000993959; 3.61596e-05; -0.00122334; 3.61596e-05; 0.00221375; -0.000566711; -8.56347e-05; -1.26276e-05; -0.00221127; 3.46043e-05; 0.00880736; -0.000575794; -0.000271419; -9.71632e-07; -0.00331114; 2.63781e-05; 0.0197939; -0.000576778; -0.00057688; 8.35277e-06; -0.00453197; 1.74233e-05; 0.0351747; -0.00057688; -0.00100415; 1.74233e-05; -0.00587474; 8.38674e-06; 0.0549501; -0.000576878; -0.00155344; 2.64589e-05; -0.00733945; -6.85681e-07; 0.0791198; -0.000576769; -0.00222454; 3.54125e-05; -0.00892512; -1.00131e-05; 0.107682; -0.000575772; -0.00301531; 4.36373e-05; -0.0106227; -2.16716e-05; -0.000566683; 4.51952e-05; -0.000735038; 2.71171e-05; 0.000993064; -0.000261479; -8.56156e-05; -3.60226e-06; -0.00147881; 2.55556e-05; 0.00392444; -0.000270446; -0.000271346; 8.01595e-06; -0.00233448; 1.73153e-05; 0.00880736; -0.000271346; -0.000576778; 1.73153e-05; -0.00331114; 8.35277e-06; 0.0156433; -0.000271419; -0.00100404; 2.63781e-05; -0.00440976; -6.85681e-07; 0.0244323; -0.000271413; -0.00155333; 3.54125e-05; -0.00563033; -9.75868e-06; 0.0351744; -0.000271305; -0.00222443; 4.43667e-05; -0.00697186; -1.90865e-05; 0.0478679; -0.000270308; -0.00301522; 5.25944e-05; -0.00842537; -3.07417e-05; -0.000261262; 5.41829e-05; -0.000368657; 1.80622e-05; 0.000259889; -7.74283e-05; -8.51617e-05; 5.12914e-06; -0.000867735; 1.6374e-05; 0.000993064; -8.51617e-05; -0.000270446; 1.6374e-05; -0.00147881; 8.01595e-06; 0.00221375; -8.56156e-05; -0.000575794; 2.55556e-05; -0.00221127; -9.71632e-07; 0.00392271; -8.56347e-05; -0.00100305; 3.46043e-05; -0.00306575; -1.00131e-05; 0.00611998; -8.56256e-05; -0.00155233; 4.36373e-05; -0.00404217; -1.90865e-05; 0.00880543; -8.55303e-05; -0.00222343; 5.25944e-05; -0.00513954; -2.84141e-05; 0.0119778; -8.46055e-05; -0.00301429; 6.08539e-05; -0.00634904; -4.00439e-05; -7.61921e-05; 6.27887e-05; -0.000121997; 8.80992e-06; -7.74283e-05; 8.80992e-06; -0.000368657; 5.12914e-06; -0.000261479; 1.80622e-05; -0.000735038; -3.60226e-06; -0.000566711; 2.71171e-05; -0.00122334; -1.26276e-05; -0.000993959; 3.61596e-05; -0.00183369; -2.16716e-05; -0.00154325; 4.51952e-05; -0.00256599; -3.07417e-05; -0.00221439; 5.41829e-05; -0.00341936; -4.00439e-05; -0.00300588; 6.27887e-05; -0.00438618; -5.13923e-05; 6.84627e-05), 6.07652e-05, 0.0050186, 0.00501897
Tri, 512, x2y2, 2, 5, 9, 5, 289, 576, 1601, (3.58544e-16; 4.95198e-16; -6.14666e-16; 7.21289e-16; -9.0849e-16; 9.62298e-16; -1.26197e-15; 1.20588e-15; -1.62596e-15; 1.44991e-15; -1.99179e-15; 1.69403e-15; -2.35793e-15; 1.93817e-15; -2.72413e-15; 2.1823e-15; -3.09034e-15; 2.42643e-15; -3.45653e-15; 2.67047e-15; -3.82267e-15; 2.91406e-15; -4.18847e-15; 3.15497e-15; -4.5523e-15; 3.38043e-15; -4.90475e-15; 3.51739e-15; -5.19193e-15; 3.15194e-15; -5.10769e-15; -3.20808e-17; -2.93312e-15; 0.00390625; -0.000976562; 0.015625; -0.000976562; 0.0351562; -0.000976562; 0.0625; -0.000976562; 0.0976562; -0.000976562; 0.140625; -0.000976562; 0.191406; -0.000976562; 0.25; -0.000976562; 0.316406; -0.000976562; 0.390625; -0.000976562; 0.472656; -0.000976562; 0.5625; -0.000976562; 0.660156; -0.000976562; 0.765625; -0.000976562; 0.878906; -0.000976562; 1; -0.000976562; 0.878906; -0.000976562; 0.765625; -0.000976562; 0.660156; -0.000976562; 0.5625; -0.000976562; 0.472656; -0.000976562; 0.390625; -0.000976562; 0.316406; -0.000976562; 0.25; -0.000976562; 0.191406; -0.000976562; 0.140625; -0.000976562; 0.0976562; -0.000976562; 0.0625; -0.000976562; 0.0351562; -0.000976562; 0.015625; -0.000976562; 0.00390625; -0.000976562; -3.20077e-17; -0.000976562; 3.15206e-15; -2.93322e-15; 3.51741e-15; -5.10778e-15; 3.38043e-15; -5.19194e-15; 3.15497e-15; -4.90475e-15; 2.91406e-15; -4.5523e-15; 2.67047e-15; -4.18847e-15; 2.42643e-15; -3.82267e-15; 2.1823e-15; -3.45653e-15; 1.93817e-15; -3.09034e-15; 1.69403e-15; -2.72413e-15; 1.44991e-15; -2.35793e-15; 1.20588e-15; -1.99179e-15; 9.62298e-16; -1.62596e-15; 7.21289e-16; -1.26197e-15; 4.95198e-16; -9.0849e-16; -6.14666e-16; -0.00103708; 8.80004e-06; 0.00343416; -0.000859254; -4.76201e-06; -7.73314e-06; -0.00128183; 8.44542e-06; 0.0137339; -0.00085978; -1.63289e-05; -7.02387e-06; -0.00153367; 7.90756e-06; 0.0309001; -0.000859838; -3.54177e-05; -6.44247e-06; -0.00179307; 7.34583e-06; 0.0549327; -0.000859844; -6.21225e-05; -5.87559e-06; -0.0020601; 6.78112e-06; 0.0858317; -0.000859844; -9.64551e-05; -5.31027e-06; -0.00233476; 6.21604e-06; 0.123597; -0.000859844; -0.000138417; -4.74512e-06; -0.00261705; 5.65091e-06; 0.168229; -0.000859844; -0.000188008; -4.17998e-06; -0.00290696; 5.08577e-06; 0.219728; -0.000859844; -0.000245228; -3.61484e-06; -0.00320451; 4.52063e-06; 0.278092; -0.000859844; -0.000310078; -3.0497e-06; -0.00350969; 3.95549e-06; 0.343324; -0.000859844; -0.000382557; -2.48456e-06; -0.00382249; 3.39034e-06; 0.415422; -0.000859844; -0.000462666; -1.91942e-06; -0.00414293; 2.8252e-06; 0.494386; -0.000859844; -0.000550404; -1.35428e-06; -0.00447099; 2.26004e-06; 0.580216; -0.000859844; -0.000645771; -7.89211e-07; -0.00480668; 1.69483e-06; 00.672914; -0.000859843; -0.000748764; -2.25141e-07; -0.00514999; 1.12889e-06; 0.772477; -0.000859815; -0.000859331; 3.20571e-07; -0.00550079; 5.5062e-07; -0.000859331; 5.5062e-07; -0.000915614; 8.44542e-06; 0.00299175; -0.000748751; -5.28784e-06; -7.02387e-06; -0.0011452; 8.32449e-06; 0.011964; -0.000749316; -1.68943e-05; -6.297e-06; -0.00138179; 7.80827e-06; 0.0269176; -0.000749378; -3.59858e-05; -5.71402e-06; -0.00162594; 7.24845e-06; 0.0478527; -0.000749385; -6.26908e-05; -5.14691e-06; -0.00187771; 6.68391e-06; 0.0747692; -0.000749386; -9.70234e-05; -4.58155e-06; -0.00213711; 6.11884e-06; 0.107667; -0.000749386; -0.000138985; -4.01639e-06; -0.00240414; 5.55371e-06; 0.146547; -0.000749386; -0.000188576; -3.45125e-06; -0.00267879; 4.98857e-06; 0.191407; -0.000749386; -0.000245797; -2.88611e-06; -0.00296108; 4.42343e-06; 0.24225; -0.000749386; -0.000310647; -2.32097e-06; -0.003251; 3.85829e-06; 0.299073; -0.000749386; -0.000383126; -1.75583e-06; -0.00354854; 3.29315e-06; 0.361879; -0.000749386; -0.000463234; -1.19069e-06; -0.00385372; 2.72801e-06; 0.430665; -0.000749386; -0.000550972; -6.25579e-07; -0.00416652; 2.16285e-06; 0.505433; -0.000749386; -0.000646339; -6.07029e-08; -0.00448696; 1.59724e-06; 0.586183; -0.000749381; -0.000749325; 5.01e-07; -0.00481498; 1.02338e-06; 0.672914; -0.000749325; -0.000859815; 1.02338e-06; -0.00514999; 3.20571e-07; -0.000748764; 1.12889e-06; -0.000801244; 7.90756e-06; 0.00257976; -0.000645769; -5.34562e-06; -6.44247e-06; -0.00101558; 7.80827e-06; 0.0103161; -0.000646337; -1.69565e-05; -5.71402e-06; -0.00123691; 7.29404e-06; 0.0232098; -0.0006464; -3.60481e-05; -5.13103e-06; -0.0014658; 6.7344e-06; 0.0412609; -0.000646406; -6.27529e-05; -4.56392e-06; -0.00170231; 6.16985e-06; 0.0644695; -0.000646407; -9.70855e-05; -3.99856e-06; -0.00194645; 5.60477e-06; 0.0928356; -0.000646407; -0.000139047; -3.4334e-06; -0.00219822; 5.03964e-06; 0.126359; -0.000646407; -0.000188638; -2.86826e-06; -0.00245762; 4.4745e-06; 0.16504; -0.000646407; -0.000245859; -2.30312e-06; -0.00272465; 3.90936e-06; 0.208879; -0.000646407; -0.000310709; -1.73798e-06; -0.00299931; 3.34422e-06; 0.257875; -0.000646407; -0.000383188; -1.17284e-06; -0.00328159; 2.77908e-06; 0.312028; -0.000646407; -0.000463296; -6.07702e-07; -0.00357151; 2.21394e-06; 0.371339; -0.000646407; -0.000551034; -4.2603e-08; -0.00386906; 1.6487e-06; 0.435807; -0.000646407; -0.0006464; 5.22081e-07; -0.00417423; 1.08222e-06; 0.505433; -0.0006464; -0.000749381; 1.08222e-06; -0.00448696; 5.01e-07; 0.580216; -0.000646339; -0.000859843; 1.59724e-06; -0.00480668; -2.25141e-07; -0.000645771; 1.69483e-06; -0.00069444; 7.34583e-06; 0.00219829; -0.000550404; -5.35154e-06; -5.87559e-06; -0.000893514; 7.24845e-06; 0.0087902; -0.000550972; -1.69633e-05; -5.14691e-06; -0.00109958; 6.7344e-06; 0.0197765; -0.000551034; -3.60549e-05; -4.56392e-06; -0.00131322; 6.17483e-06; 0.0351574; -0.000551041; -6.27598e-05; -3.99683e-06; -0.00153447; 5.61029e-06; 0.0549328; -0.000551042; -9.70922e-05; -3.43148e-06; -0.00176335; 5.04521e-06; 0.0791027; -0.000551042; -0.000139054; -2.86631e-06; -0.00199986; 4.48007e-06; 0.107667; -0.000551042; -0.000188645; -2.30117e-06; -0.002244; 3.91493e-06; 0.140626; -0.000551042; -0.000245865; -1.73603e-06; -0.00249577; 3.34979e-06; 0.17798; -0.000551042; -0.000310715; -1.17089e-06; -0.00275517; 2.78465e-06; 0.219728; -0.000551042; -0.000383195; -6.05748e-07; -0.0030222; 2.21951e-06; 0.26587; -0.000551042; -0.000463303; -4.06131e-08; -0.00329686; 1.65436e-06; 0.316407; -0.000551042; -0.000551041; 5.24473e-07; -0.00357915; 1.08905e-06; 0.371339; -0.000551041; -0.000646407; 1.08905e-06; -0.00386906; 5.22081e-07; 0.430665; -0.000551034; -0.000749386; 1.6487e-06; -0.00416652; -6.07029e-08; 0.494386; -0.000550972; -0.000859844; 2.16285e-06; -0.00447099; -7.89211e-07; -0.000550404; 2.26004e-06; -0.000595258; 6.78112e-06; 0.00184734; -0.000462666; -5.35207e-06; -5.31027e-06; -0.000779074; 6.68391e-06; 0.00738639; -0.000463234; -1.69639e-05; -4.58155e-06; -0.000969886; 6.16985e-06; 0.016618; -0.000463296; -3.60557e-05; -3.99856e-06; -0.00116826; 5.61029e-06; 0.0295422; -0.000463303; -6.27605e-05; -3.43148e-06; -0.00137425; 5.04575e-06; 0.046159; -0.000463304; -9.7093e-05; -2.86612e-06; -0.00158788; 4.48068e-06; 0.0664684; -0.000463304; -0.000139055; -2.30096e-06; -0.00180913; 3.91554e-06; 0.0904705; -0.000463304; -0.000188646; -1.73582e-06; -0.00203801; 3.3504e-06; 0.118165; -0.000463304; -0.000245866; -1.17067e-06; -0.00227452; 2.78526e-06; 0.149553; -0.000463304; -0.000310716; -6.05534e-07; -0.00251866; 2.22012e-06; 0.184632; -0.000463304; -0.000383195; -4.03944e-08; -0.00277043; 1.65498e-06; 0.223405; -0.000463304; -0.000463304; 5.2474e-07; -0.00302983; 1.08982e-06; 0.26587; -0.000463304; -0.000551042; 1.08982e-06; -0.00329686; 5.24473e-07; 0.312028; -0.000463303; -0.000646407; 1.65436e-06; -0.00357151; -4.2603e-08; 0.361879; -0.000463296; -0.000749386; 2.21394e-06; -0.00385372; -6.25579e-07; 0.415422; -0.000463234; -0.000859844; 2.72801e-06; -0.00414293; -1.35428e-06; -0.000462666; 2.8252e-06; -0.000503705; 6.21604e-06; 0.0015269; -0.000382557; -5.3521e-06; -4.74512e-06; -0.000672262; 6.11884e-06; 0.00610465; -0.000383126; -1.6964e-05; -4.01639e-06; -0.000847816; 5.60477e-06; 0.0137341; -0.000383188; -3.60558e-05; -3.4334e-06; -0.00103093; 5.04521e-06; 0.0244152; -0.000383195; -6.27606e-05; -2.86631e-06; -0.00122167; 4.48068e-06; 0.0381481; -0.000383195; -9.70931e-05; -2.30096e-06; -0.00142003; 3.9156e-06; 0.0549328; -0.000383195; -0.000139055; -1.73579e-06; -0.00162602; 3.35047e-06; 0.0747692; -0.000383195; -0.000188646; -1.17065e-06; -0.00183965; 2.78533e-06; 0.0976574; -0.000383195; -0.000245866; -6.05511e-07; -0.0020609; 2.22019e-06; 0.123597; -0.000383195; -0.000310716; -4.03704e-08; -0.00228978; 1.65505e-06; 0.152589; -0.000383195; -0.000383195; 5.2477e-07; -0.00252629; 1.0899e-06; 0.184632; -0.000383195; -0.000463304; 1.0899e-06; -0.00277043; 5.2474e-07; 0.219728; -0.000383195; -0.000551042; 1.65498e-06; -0.0030222; -4.06131e-08; 0.257875; -0.000383195; -0.000646407; 2.21951e-06; -0.00328159; -6.07702e-07; 0.299073; -0.000383188; -0.000749386; 2.77908e-06; -0.00354854; -1.19069e-06; 0.343324; -0.000383126; -0.000859844; 3.29315e-06; -0.00382249; -1.91942e-06; -0.000382557; 3.39034e-06; -0.000419782; 5.65091e-06; 0.00123699; -0.000310078; -5.35209e-06; -4.17998e-06; -0.00057308; 5.55371e-06; 0.00494499; -0.000310647; -1.6964e-05; -3.45125e-06; -0.000733375; 5.03964e-06; 0.0111248; -0.000310709; -3.60558e-05; -2.86826e-06; -0.00090123; 4.48007e-06; 0.0197765; -0.000310715; -6.27606e-05; -2.30117e-06; -0.00107671; 3.91554e-06; 0.0309002; -0.000310716; -9.70931e-05; -1.73582e-06; -0.00125981; 3.35047e-06; 0.0444958; -0.000310716; -0.000139055; -1.17065e-06; -0.00145055; 2.78533e-06; 0.0605633; -0.000310716; -0.000188646; -6.05509e-07; -0.00164891; 2.22019e-06; 0.0791027; -0.000310716; -0.000245866; -4.03678e-08; -0.00185491; 1.65505e-06; 0.100114; -0.000310716; -0.000310716; 5.24773e-07; -0.00206853; 1.08991e-06; 0.123597; -0.000310716; -0.000383195; 1.08991e-06; -0.00228978; 5.2477e-07; 0.149553; -0.000310716; -0.000463304; 1.65505e-06; -0.00251866; -4.03944e-08; 0.17798; -0.000310716; -0.000551042; 2.22012e-06; -0.00275517; -6.05748e-07; 0.208879; -0.000310715; -0.000646407; 2.78465e-06; -0.00299931; -1.17284e-06; 0.24225; -0.000310709; -0.000749386; 3.34422e-06; -0.003251; -1.75583e-06; 0.278092; -0.000310647; -0.000859844; 3.85829e-06; -0.00350969; -2.48456e-06; -0.000310078; 3.95549e-06; -0.000343488; 5.08577e-06; 0.000977588; -0.000245228; -5.35208e-06; -3.61484e-06; -0.000481528; 4.98857e-06; 0.00390739; -0.000245797; -1.6964e-05; -2.88611e-06; -0.000626564; 4.4745e-06; 0.00879021; -0.000245859; -3.60557e-05; -2.30312e-06; -0.00077916; 3.91493e-06; 0.0156262; -0.000245865; -6.27606e-05; -1.73603e-06; -0.000939378; 3.3504e-06; 0.0244152; -0.000245866; -9.70931e-05; -1.17067e-06; -0.00110722; 2.78533e-06; 0.0351574; -0.000245866; -0.000139055; -6.05511e-07; -0.0012827; 2.22019e-06; 0.0478527; -0.000245866; -0.000188646; -4.03678e-08; -0.00146581; 1.65505e-06; 0.0625012; -0.000245866; -0.000245866; 5.24773e-07; -0.00165654; 1.08991e-06; 0.0791027; -0.000245866; -0.000310716; 1.08991e-06; -0.00185491; 5.24773e-07; 0.0976574; -0.000245866; -0.000383195; 1.65505e-06; -0.0020609; -4.03704e-08; 0.118165; -0.000245866; -0.000463304; 2.22019e-06; -0.00227452; -6.05534e-07; 0.140626; -0.000245866; -0.000551042; 2.78526e-06; -0.00249577; -1.17089e-06; 0.16504; -0.000245865; -0.000646407; 3.34979e-06; -0.00272465; -1.73798e-06; 0.191407; -0.000245859; -0.000749386; 3.90936e-06; -0.00296108; -2.32097e-06; 0.219728; -0.000245797; -0.000859844; 4.42343e-06; -0.00320451; -3.0497e-06; -0.000245228; 4.52063e-06; -0.000274823; 4.52063e-06; 0.000748706; -0.000188008; -5.35208e-06; -3.0497e-06; -0.000397604; 4.42343e-06; 0.00299186; -0.000188576; -1.6964e-05; -2.32097e-06; -0.000527381; 3.90936e-06; 0.00673028; -0.000188638; -3.60557e-05; -1.73798e-06; -0.000664719; 3.34979e-06; 0.011964; -0.000188645; -6.27606e-05; -1.17089e-06; -0.000809678; 2.78526e-06; 0.0186932; -0.000188646; -9.70931e-05; -6.05534e-07; -0.000962266; 2.22019e-06; 0.0269177; -0.000188646; -0.000139055; -4.03704e-08; -0.00112248; 1.65505e-06; 0.0366375; -0.000188646; -0.000188646; 5.24773e-07; -0.00129033; 1.08991e-06; 0.0478527; -0.000188646; -0.000245866; 1.08991e-06; -0.00146581; 5.24773e-07; 0.0605633; -0.000188646; -0.000310716; 1.65505e-06; -0.00164891; -4.03678e-08; 0.0747692; -0.000188646; -0.000383195; 2.22019e-06; -0.00183965; -6.05511e-07; 0.0904705; -0.000188646; -0.000463304; 2.78533e-06; -0.00203801; -1.17067e-06; 0.107667; -0.000188646; -0.000551042; 3.3504e-06; -0.002244; -1.73603e-06; 0.126359; -0.000188645; -0.000646407; 3.91493e-06; -0.00245762; -2.30312e-06; 0.146547; -0.000188638; -0.000749386; 4.4745e-06; -0.00267879; -2.88611e-06; 0.168229; -0.000188576; -0.000859844; 4.98857e-06; -0.00290696; -3.61484e-06; -0.000188008; 5.08577e-06; -0.000213788; 3.95549e-06; 0.000550342; -0.000138417; -5.35209e-06; -2.48456e-06; -0.00032131; 3.85829e-06; 0.0021984; -0.000138985; -1.6964e-05; -1.75583e-06; -0.000435829; 3.34422e-06; 0.004945; -0.000139047; -3.60558e-05; -1.17284e-06; -0.000557908; 2.78465e-06; 0.00879021; -0.000139054; -6.27606e-05; -6.05748e-07; -0.000687608; 2.22012e-06; 0.0137341; -0.000139055; -9.70931e-05; -4.03944e-08; -0.000824937; 1.65505e-06; 0.0197765; -0.000139055; -0.000139055; 5.2477e-07; -0.000969896; 1.08991e-06; 0.0269177; -0.000139055; -0.000188646; 1.08991e-06; -0.00112248; 5.24773e-07; 0.0351574; -0.000139055; -0.000245866; 1.65505e-06; -0.0012827; -4.03678e-08; 0.0444958; -0.000139055; -0.000310716; 2.22019e-06; -0.00145055; -6.05509e-07; 0.0549328; -0.000139055; -0.000383195; 2.78533e-06; -0.00162602; -1.17065e-06; 0.0664684; -0.000139055; -0.000463304; 3.35047e-06; -0.00180913; -1.73582e-06; 0.0791027; -0.000139055; -0.000551042; 3.91554e-06; -0.00199986; -2.30117e-06; 0.0928356; -0.000139054; -0.000646407; 4.48007e-06; -0.00219822; -2.86826e-06; 0.107667; -0.000139047; -0.000749386; 5.03964e-06; -0.00240414; -3.45125e-06; 0.123597; -0.000138985; -0.000859844; 5.55371e-06; -0.00261705; -4.17998e-06; -0.000138417; 5.65091e-06; -0.000160382; 3.39034e-06; 0.000382496; -9.64551e-05; -5.3521e-06; -1.91942e-06; -0.000252646; 3.29315e-06; 0.00152702; -9.70234e-05; -1.6964e-05; -1.19069e-06; -0.000351905; 2.77908e-06; 0.00343438; -9.70855e-05; -3.60558e-05; -6.07702e-07; -0.000458725; 2.21951e-06; 0.00610467; -9.70923e-05; -6.27606e-05; -4.06131e-08; -0.000573167; 1.65498e-06; 0.0095379; -9.7093e-05; -9.70931e-05; 5.2474e-07; -0.000695238; 1.0899e-06; 0.0137341; -9.70931e-05; -0.000139055; 1.0899e-06; -0.000824937; 5.2477e-07; 0.0186932; -9.70931e-05; -0.000188646; 1.65505e-06; -0.000962266; -4.03704e-08; 0.0244152; -9.70931e-05; -0.000245866; 2.22019e-06; -0.00110722; -6.05511e-07; 0.0309002; -9.70931e-05; -0.000310716; 2.78533e-06; -0.00125981; -1.17065e-06; 0.0381481; -9.70931e-05; -0.000383195; 3.35047e-06; -0.00142003; -1.73579e-06; 0.046159; -9.70931e-05; -0.000463304; 3.9156e-06; -0.00158788; -2.30096e-06; 0.0549328; -9.7093e-05; -0.000551042; 4.48068e-06; -0.00176335; -2.86631e-06; 0.0644695; -9.70922e-05; -0.000646407; 5.04521e-06; -0.00194645; -3.4334e-06; 0.0747692; -9.70855e-05; -0.000749386; 5.60477e-06; -0.00213711; -4.01639e-06; 0.0858317; -9.70234e-05; -0.000859844; 6.11884e-06; -0.00233476; -4.74512e-06; -9.64551e-05; 6.21604e-06; -0.000114606; 2.8252e-06; 0.000245167; -6.21227e-05; -5.35214e-06; -1.35428e-06; -0.000191611; 2.72801e-06; 0.000977702; -6.2691e-05; -1.6964e-05; -6.25579e-07; -0.000275611; 2.21394e-06; 0.00219842; -6.2753e-05; -3.60557e-05; -4.2603e-08; -0.000367173; 1.65436e-06; 0.0039074; -6.27598e-05; -6.27605e-05; 5.24473e-07; -0.000466356; 1.08982e-06; 0.00610467; -6.27605e-05; -9.7093e-05; 1.08982e-06; -0.000573167; 5.2474e-07; 0.00879021; -6.27606e-05; -0.000139055; 1.65498e-06; -0.000687608; -4.03944e-08; 0.011964; -6.27606e-05; -0.000188646; 2.22012e-06; -0.000809678; -6.05534e-07; 0.0156262; -6.27606e-05; -0.000245866; 2.78526e-06; -0.000939378; -1.17067e-06; 0.0197765; -6.27606e-05; -0.000310716; 3.3504e-06; -0.00107671; -1.73582e-06; 0.0244152; -6.27606e-05; -0.000383195; 3.91554e-06; -0.00122167; -2.30096e-06; 0.0295422; -6.27606e-05; -0.000463304; 4.48068e-06; -0.00137425; -2.86612e-06; 0.0351574; -6.27605e-05; -0.000551042; 5.04575e-06; -0.00153447; -3.43148e-06; 0.0412609; -6.27598e-05; -0.000646407; 5.61029e-06; -0.00170231; -3.99856e-06; 0.0478527; -6.27529e-05; -0.000749386; 6.16985e-06; -0.00187771; -4.58155e-06; 0.0549327; -6.26908e-05; -0.000859844; 6.68391e-06; -0.0020601; -5.31027e-06; -6.21225e-05; 6.78112e-06; -7.64586e-05; 2.26004e-06; 0.000138358; -3.54195e-05; -5.35218e-06; -7.89211e-07; -0.000138205; 2.16285e-06; 0.000550457; -3.59872e-05; -1.69637e-05; -6.07029e-08; -0.000206947; 1.6487e-06; 0.00123711; -3.60487e-05; -3.60551e-05; 5.22081e-07; -0.000283249; 1.08905e-06; 0.00219842; -3.60551e-05; -6.27598e-05; 1.08905e-06; -0.000367173; 5.24473e-07; 0.00343438; -3.60557e-05; -9.70923e-05; 1.65436e-06; -0.000458725; -4.06131e-08; 0.004945; -3.60558e-05; -0.000139054; 2.21951e-06; -0.000557908; -6.05748e-07; 0.00673028; -3.60558e-05; -0.000188645; 2.78465e-06; -0.000664719; -1.17089e-06; 0.00879021; -3.60557e-05; -0.000245865; 3.34979e-06; -0.00077916; -1.73603e-06; 0.0111248; -3.60557e-05; -0.000310715; 3.91493e-06; -0.00090123; -2.30117e-06; 0.0137341; -3.60558e-05; -0.000383195; 4.48007e-06; -0.00103093; -2.86631e-06; 0.016618; -3.60558e-05; -0.000463303; 5.04521e-06; -0.00116826; -3.43148e-06; 0.0197765; -3.60557e-05; -0.000551041; 5.61029e-06; -0.00131322; -3.99683e-06; 0.0232098; -3.60549e-05; -0.000646406; 6.17483e-06; -0.0014658; -4.56392e-06; 0.0269176; -3.60481e-05; -0.000749385; 6.7344e-06; -0.00162594; -5.14691e-06; 0.0309001; -3.59858e-05; -0.000859844; 7.24845e-06; -0.00179307; -5.87559e-06; -3.54177e-05; 7.34583e-06; -4.59397e-05; 1.69483e-06; 6.20656e-05; -1.63424e-05; -5.35096e-06; -2.25141e-07; -9.24256e-05; 1.59724e-06; 0.000245276; -1.69029e-05; -1.69591e-05; 5.01e-07; -0.000145905; 1.08222e-06; 0.000550457; -1.69591e-05; -3.60487e-05; 1.08222e-06; -0.000206947; 5.22081e-07; 0.000977702; -1.69637e-05; -6.2753e-05; 1.6487e-06; -0.000275611; -4.2603e-08; 0.00152702; -1.6964e-05; -9.70855e-05; 2.21394e-06; -0.000351905; -6.07702e-07; 0.0021984; -1.6964e-05; -0.000139047; 2.77908e-06; -0.000435829; -1.17284e-06; 0.00299186; -1.6964e-05; -0.000188638; 3.34422e-06; -0.000527381; -1.73798e-06; 0.00390739; -1.6964e-05; -0.000245859; 3.90936e-06; -0.000626564; -2.30312e-06; 0.00494499; -1.6964e-05; -0.000310709; 4.4745e-06; -0.000733375; -2.86826e-06; 0.00610465; -1.6964e-05; -0.000383188; 5.03964e-06; -0.000847816; -3.4334e-06; 0.00738639; -1.6964e-05; -0.000463296; 5.60477e-06; -0.000969886; -3.99856e-06; 0.0087902; -1.69639e-05; -0.000551034; 6.16985e-06; -0.00109958; -4.56392e-06; 0.0103161; -1.69633e-05; -0.0006464; 6.7344e-06; -0.00123691; -5.13103e-06; 0.011964; -1.69565e-05; -0.000749378; 7.29404e-06; -0.00138179; -5.71402e-06; 0.0137339; -1.68943e-05; -0.000859838; 7.80827e-06; -0.00153367; -6.44247e-06; -1.63289e-05; 7.90756e-06; -2.30409e-05; 1.12889e-06; 1.62426e-05; -4.83927e-06; -5.32261e-06; 3.20571e-07; -5.42334e-05; 1.02338e-06; 6.20656e-05; -5.32261e-06; -1.69029e-05; 1.02338e-06; -9.24256e-05; 5.01e-07; 0.000138358; -5.35096e-06; -3.59872e-05; 1.59724e-06; -0.000138205; -6.07029e-08; 0.000245167; -5.35218e-06; -6.2691e-05; 2.16285e-06; -0.000191611; -6.25579e-07; 0.000382496; -5.35214e-06; -9.70234e-05; 2.72801e-06; -0.000252646; -1.19069e-06; 0.000550342; -5.3521e-06; -0.000138985; 3.29315e-06; -0.00032131; -1.75583e-06; 0.000748706; -5.35209e-06; -0.000188576; 3.85829e-06; -0.000397604; -2.32097e-06; 0.000977588; -5.35208e-06; -0.000245797; 4.42343e-06; -0.000481528; -2.88611e-06; 0.00123699; -5.35208e-06; -0.000310647; 4.98857e-06; -0.00057308; -3.45125e-06; 0.0015269; -5.35209e-06; -0.000383126; 5.55371e-06; -0.000672262; -4.01639e-06; 0.00184734; -5.3521e-06; -0.000463234; 6.11884e-06; -0.000779074; -4.58155e-06; 0.00219829; -5.35207e-06; -0.000550972; 6.68391e-06; -0.000893514; -5.14691e-06; 0.00257976; -5.35154e-06; -0.000646337; 7.24845e-06; -0.00101558; -5.71402e-06; 0.00299175; -5.34562e-06; -0.000749316; 7.80827e-06; -0.0011452; -6.297e-06; 0.00343416; -5.28784e-06; -0.00085978; 8.32449e-06; -0.00128183; -7.02387e-06; -4.76201e-06; 8.44542e-06; -7.6247e-06; 5.5062e-07; -4.83927e-06; 5.5062e-07; -2.30409e-05; 3.20571e-07; -1.63424e-05; 1.12889e-06; -4.59397e-05; -2.25141e-07; -3.54195e-05; 1.69483e-06; -7.64586e-05; -7.89211e-07; -6.21227e-05; 2.26004e-06; -0.000114606; -1.35428e-06; -9.64551e-05; 2.8252e-06; -0.000160382; -1.91942e-06; -0.000138417; 3.39034e-06; -0.000213788; -2.48456e-06; -0.000188008; 3.95549e-06; -0.000274823; -3.0497e-06; -0.000245228; 4.52063e-06; -0.000343488; -3.61484e-06; -0.000310078; 5.08577e-06; -0.000419782; -4.17998e-06; -0.000382557; 5.65091e-06; -0.000503705; -4.74512e-06; -0.000462666; 6.21604e-06; -0.000595258; -5.31027e-06; -0.000550404; 6.78112e-06; -0.00069444; -5.87559e-06; -0.000645769; 7.34583e-06; -0.000801244; -6.44247e-06; -0.000748751; 7.90756e-06; -0.000915614; -7.02387e-06; -0.000859254; 8.44542e-06; -0.00103708; -7.73314e-06; 8.80004e-06), 7.60073e-06, 0.00125704, 0.00125706